   3.7030464e-05
   3.6637283e-05
   1.1768575e-02
   3.7406219e-05
   7.4761201e-05
   7.3613727e-05
   4.6828485e-05
   4.9872434e-05
   3.9683751e-05
   3.9278497e-05
   7.6697391e-05
   6.2742507e-05
   6.2865902e-05
   2.8751572e-02
   1.1768575e-02
   1.8522400e-05
   1.5792285e-05
   1.5659004e-02
   1.7765321e-05
   1.0088369e-04
   5.6765044e-05
   1.4963986e-04
   1.1728032e-04
   2.8751572e-02
   2.7673505e-04
   1.5020521e-04
   1.1833726e-04
   2.9550947e-01
   1.6889669e-04
   9.5656894e-05
   4.7170741e-05
   4.5610924e-05
   3.8399616e-05
   1.6770510e-05
   2.6348589e-05
   3.1170694e-05
   9.1342954e-05
   4.1232985e-05
   4.2982157e-05
   4.0544978e-02
   9.9469672e-01
   4.0544978e-02
   4.0544978e-02
   1.6359703e-05
   3.7030464e-05
   2.6348589e-05
   2.1301784e-05
   1.6734656e-05
   2.9539092e-05
   4.3482640e-05
   2.5469770e-05
   1.2630466e-04
   2.6196691e-05
   2.0157213e-05
   2.3678072e-05
   4.8355709e-05
   2.4266271e-05
   4.7758970e-04
   2.4266271e-05
   2.0738871e-05
   2.0715985e-05
   2.5077403e-05
   8.4821211e-05
   8.4821211e-05
   8.4821211e-05
   8.4821211e-05
   2.7342965e-05
   5.1274164e-02
   5.5615453e-02
   3.7608172e-05
   4.2489432e-05
   4.1662864e-02
   1.3174605e-01
   2.0285521e-05
   5.4118439e-05
   4.4340288e-05
   7.7184994e-05
   9.9960385e-01
   2.2028347e-05
   1.2224431e-04
   1.5147242e-04
   1.3008670e-04
   1.6135005e-05
   6.2953357e-05
   1.5208240e-04
   1.2224431e-04
   5.1553951e-05
   1.5007437e-05
   1.2524186e-05
   1.4741144e-05
   1.4163773e-05
   4.6312491e-05
   2.8938671e-05
   7.6370375e-05
   6.7228706e-02
   4.5204852e-03
   9.9994015e-01
   1.8978205e-04
   9.9995341e-01
   9.9996107e-01
   9.9995975e-01
   9.9988475e-01
   9.9995743e-01
   9.9996282e-01
   9.9994063e-01
   9.9995790e-01
   6.1240167e-05
   6.1240167e-05
   6.1240167e-05
   7.3641937e-05
   4.3612279e-04
   7.0603542e-05
   2.2606690e-05
   1.1945190e-04
   1.1945190e-04
   2.6746281e-05
   1.3891644e-04
   1.6632343e-05
   3.5968887e-05
   3.5968887e-05
   3.5859072e-05
   9.9987635e-01
   3.5859072e-05
   6.6408733e-01
   3.2991162e-05
   2.6432697e-05
   5.5317022e-05
   5.5530671e-05
   1.7528372e-05
   3.7956675e-05
   3.8320612e-05
   3.8099439e-05
   6.6145765e-01
   4.4711563e-05
   9.0404811e-01
   1.8249630e-05
   4.4711563e-05
   3.1498527e-05
   9.0157739e-05
   8.8070691e-04
   1.5926606e-04
   1.6203348e-04
   4.6580541e-01
   6.1240167e-05
   1.2841684e-04
   3.1060090e-05
   1.8926078e-04
   2.2899034e-05
   5.9157081e-05
   2.0028285e-05
   2.0021340e-05
   2.0479669e-05
   2.0479669e-05
   2.2462834e-05
   8.6820119e-05
   2.2462834e-05
   3.5704291e-05
   7.3507555e-05
   1.1688318e-04
   7.3289570e-05
   7.3507555e-05
   1.5245107e-05
   1.0085078e-04
   6.1249045e-01
   1.8789467e-04
   6.7480469e-05
   8.9781327e-01
   6.6209895e-05
   8.8352665e-02
   7.0910344e-05
   7.0910344e-05
   1.7299396e-05
   6.1240167e-05
   2.1204287e-05
   1.2656252e-04
   2.1204287e-05
   3.1575641e-05
   2.8654230e-05
   2.8635447e-05
   2.8635447e-05
   3.3338775e-05
   3.3338775e-05
   2.0839165e-03
   2.7028246e-05
   1.1085418e-04
   1.9234602e-05
   5.8786971e-05
   2.4304362e-05
   3.0231025e-05
   3.5908068e-05
   3.6455157e-05
   1.4682370e-05
   7.2853123e-05
   5.0393871e-05
   1.3947431e-05
   7.4731676e-05
   3.7030464e-05
   6.1240167e-05
   9.2703985e-05
   4.3743824e-04
   8.3155911e-05
   1.0863082e-04
   8.3155911e-05
   9.9981581e-01
   1.6580567e-05
   4.3770190e-05
   2.4062064e-05
   7.9660449e-01
   1.8498242e-05
   4.4807929e-05
   2.7539209e-05
   5.4564793e-05
   5.4564793e-05
   2.7539209e-05
   2.2459346e-05
   1.1274716e-04
   3.8721372e-05
   9.9991665e-01
   7.0345705e-02
   7.4872333e-01
   5.8435065e-05
   9.9302773e-05
   2.7592444e-04
   5.3395983e-05
   1.9092264e-01
   5.9410017e-05
   1.1960686e-04
   4.2729030e-05
   3.6288388e-05
   1.3275972e-01
   1.3275973e-01
   1.3275973e-01
   1.3275972e-01
   3.2517077e-05
   5.6506264e-01
   1.8776045e-05
   2.1079216e-05
   2.4259504e-05
   9.9994658e-01
   2.3247525e-05
   4.4838789e-05
   9.9990458e-01
   1.7765321e-05
   2.9856134e-03
   2.3247525e-05
   7.3609531e-02
   1.1768575e-02
   1.2098707e-01
   2.8893056e-05
   3.4006929e-05
   5.4224048e-05
   9.9994654e-01
   8.0680930e-05
   1.7694674e-01
   3.2983959e-05
   9.0108055e-05
   3.8124486e-05
   3.2983959e-05
   3.7030464e-05
   1.7409862e-05
   1.0183813e-04
   4.6019395e-05
   3.0552114e-05
   9.9868861e-05
   5.0303995e-05
   2.3572130e-05
   3.6808549e-05
   4.1408232e-05
   2.7088122e-05
   2.7088122e-05
   6.9759209e-05
   2.7088122e-05
   4.9872434e-05
   4.4006248e-05
   2.0794046e-05
   3.7225190e-02
   3.1737394e-02
   5.0243545e-05
   9.9987656e-01
   9.9957343e-01
   9.9990000e-01
   6.3564127e-01
   8.5632302e-01
   9.9991262e-01
   8.7387300e-05
   2.4998383e-04
   9.1692805e-05
   5.4540282e-05
   1.3789022e-04
   7.0345705e-02
   7.0345705e-02
   1.9165093e-04
   6.4630779e-05
   6.4630779e-05
   6.4630779e-05
   1.9165093e-04
   1.9165093e-04
   6.4630779e-05
   2.2703409e-05
   7.3613727e-05
   5.4920061e-05
   3.8549457e-05
   8.6473029e-05
   8.6691607e-05
   3.8478376e-05
   5.7191592e-02
   8.6473029e-05
   5.7191589e-02
   1.2093917e-01
   2.5582845e-03
   3.7608172e-05
   1.2093915e-01
   2.5582845e-03
   1.7188167e-05
   3.9237114e-05
   4.0641965e-05
   6.5866982e-05
   4.5986011e-05
   2.7063430e-05
   5.1009362e-01
   2.8627939e-05
   2.4066568e-05
   1.7712955e-05
   9.9983558e-01
   1.2952369e-05
   1.4754648e-05
   7.3641937e-05
   3.7952020e-01
   2.4286786e-04
   2.7661310e-05
   2.1598840e-01
   5.6460281e-05
   5.5245971e-05
   6.0882238e-02
   6.1735881e-05
   3.6866328e-05
   2.4241790e-05
   3.7952020e-01
   2.2671719e-05
   1.0220495e-04
   2.4809267e-05
   2.4809267e-05
   8.1054241e-05
   5.1737376e-05
   6.7693662e-05
   5.1737376e-05
   6.1895556e-05
   6.1895556e-05
   6.1895556e-05
   4.6786693e-05
   5.5393126e-05
   4.6786693e-05
   2.6112850e-05
   5.7488198e-05
   2.0270521e-05
   1.4719454e-05
   2.7791513e-05
   2.5900978e-05
   4.5578488e-05
   2.5900978e-05
   4.5578488e-05
   4.0733226e-05
   4.3307434e-05
   2.7551103e-05
   9.9971696e-01
   7.6239646e-05
   7.9478306e-01
   2.0452184e-05
   2.6816795e-04
   9.9987695e-01
   1.2390979e-03
   5.8468912e-05
   9.9981086e-01
   9.9991665e-01
   9.9996602e-01
   4.4381275e-04
   8.5260531e-05
   9.9994631e-01
   7.5728268e-01
   1.2286927e-04
   2.6142506e-01
   1.4823154e-03
   6.6996083e-03
   5.2310949e-05
   4.5209043e-01
   2.5265501e-05
   9.9994691e-01
   1.4098265e-01
   9.9985334e-01
   9.9994357e-01
   4.5038613e-01
   3.5021950e-04
   9.9974121e-01
   9.9995748e-01
   4.5209043e-01
   4.5209043e-01
   9.9993110e-01
   9.9991585e-01
   9.9992467e-01
   3.8484176e-01
   3.3247677e-01
   3.4933603e-04
   9.9904504e-01
   5.4682943e-02
   1.9400274e-05
   3.2179048e-04
   2.7585219e-01
   2.2714586e-05
   9.9993963e-01
   9.9988725e-01
   9.9995255e-01
   1.9006734e-05
   2.3886373e-04
   9.9987011e-01
   3.0701712e-01
   1.2945710e-01
   6.1065405e-05
   1.4284169e-01
   7.6643444e-05
   9.9989027e-01
   2.8000837e-01
   9.9994450e-01
   4.1103431e-05
   1.3683320e-04
   1.1023065e-04
   1.8947710e-05
   7.9478298e-01
   4.1617990e-05
   6.1071030e-05
   2.5265501e-05
   9.8160964e-05
   6.1949359e-02
   9.9995089e-01
   9.6415955e-05
   2.4075283e-04
   9.9993539e-01
   1.2594429e-01
   4.2442169e-01
   1.4865317e-05
   1.9800058e-04
   5.6688909e-04
   7.3895896e-05
   1.5381026e-01
   2.3684576e-04
   4.6365615e-05
   1.2286927e-04
   3.0053123e-04
   3.3361618e-04
   7.2520130e-05
   9.9990355e-01
   9.9990355e-01
   9.9990355e-01
   2.9492973e-05
   9.9989561e-01
   4.5041618e-01
   9.9990355e-01
   2.9792697e-05
   1.9716131e-04
   1.7206003e-05
   1.4811975e-04
   1.6226674e-04
   1.3690692e-04
   6.6233964e-05
   9.8070611e-05
   8.1970315e-01
   3.2856208e-04
   4.8944585e-05
   2.8142843e-04
   4.0282010e-04
   1.8645851e-04
   6.6273259e-04
   5.0441651e-03
   1.0968983e-04
   1.5313807e-04
   9.3681838e-05
   8.8846890e-05
   1.3269768e-04
   6.2258413e-05
   1.2053641e-04
   5.0005387e-05
   7.2458724e-05
   8.2456896e-05
   1.2053641e-04
   6.5533258e-05
   1.0968983e-04
   9.3681838e-05
   7.1747496e-05
   4.6345861e-05
   5.8822187e-04
   6.3364567e-05
   2.2942836e-04
   1.5550158e-04
   9.9910256e-01
   1.8645851e-04
   1.2053641e-04
   2.8405449e-01
   6.7643462e-04
   8.8684162e-05
   8.0693924e-05
   1.2385985e-04
   1.6225035e-04
   6.9416051e-05
   1.3183854e-04
   9.0031265e-05
   1.4810401e-04
   3.3191845e-02
   1.5565264e-04
   1.0052303e-01
   1.2810141e-04
   4.9269179e-05
   9.1630576e-05
   1.4371065e-04
   1.1461166e-02
   1.0662231e-04
   9.5608142e-05
   1.1593925e-04
   1.2888970e-04
   1.0968983e-04
   9.9988647e-01
   1.0401453e-04
   1.1854212e-04
   2.8753964e-04
   1.2603779e-04
   2.1783021e-04
   6.5720764e-05
   2.9422617e-04
   2.4467935e-01
   1.2888970e-04
   2.1423275e-04
   6.3516877e-05
   3.2890772e-04
   5.6223976e-05
   1.1367293e-04
   1.3773411e-04
   9.1481831e-05
   7.6758255e-05
   1.7788742e-04
   9.8843763e-05
   8.1773254e-05
   1.0873033e-04
   1.3896972e-04
   5.8354862e-04
   5.6798049e-05
   9.3479532e-05
   1.5313807e-04
   1.0958167e-04
   9.3398559e-05
   5.1403329e-05
   4.8614228e-05
   5.4433108e-05
   5.6239580e-04
   1.1489231e-04
   4.9762339e-01
   1.5313807e-04
   1.8082680e-04
   5.1248016e-05
   4.6389735e-02
   2.3799244e-04
   9.3681838e-05
   9.9846617e-01
   6.2750075e-02
   1.4784844e-04
   4.8949176e-05
   3.9113098e-05
   5.5805676e-05
   7.2089702e-05
   7.9590234e-05
   9.9944080e-01
   5.3917775e-05
   7.3374092e-05
   6.2062447e-05
   1.6192894e-04
   5.2980495e-05
   1.0968983e-04
   1.9675597e-04
   4.9616734e-05
   1.2053641e-04
   1.2714779e-04
   1.0467063e-04
   1.2636368e-04
   1.2589717e-04
   6.8730834e-05
   6.7643462e-04
   7.4667220e-05
   4.0120597e-04
   1.0537314e-04
   4.8270653e-05
   7.8606836e-05
   2.1520934e-04
   9.9989054e-01
   1.6192894e-04
   6.0252565e-05
   5.5805676e-05
   1.3027068e-04
   7.1546902e-02
   1.7817945e-04
   1.4784844e-04
   6.6273259e-04
   6.3132220e-05
   6.2703565e-05
   1.2249882e-04
   6.7643462e-04
   1.5978721e-04
   4.8397423e-02
   6.4019434e-05
   1.0619261e-04
   6.7643462e-04
   5.7189679e-05
   9.3398559e-05
   3.6512424e-04
   9.9733131e-05
   5.1620379e-05
   2.1364860e-04
   2.8647020e-04
   1.2589717e-04
   4.9433121e-05
   4.9927872e-05
   4.7996501e-01
   5.6478912e-05
   1.2589717e-04
   1.2510258e-04
   5.4335720e-05
   2.2944520e-04
   3.8685363e-01
   2.8213310e-04
   1.2603779e-04
   5.8086835e-05
   1.4072652e-04
   1.5313807e-04
   4.8925161e-05
   7.5862385e-05
   4.5994129e-05
   1.0467063e-04
   7.3924963e-05
   1.1717102e-04
   1.1268456e-04
   5.7278219e-05
   6.3167672e-05
   8.9345832e-05
   1.2888970e-04
   1.1575703e-04
   2.0122985e-04
   3.6039599e-01
   9.4872267e-05
   6.2217741e-04
   1.6553081e-04
   6.1247359e-05
   1.5313807e-04
   1.3371923e-04
   4.7248759e-05
   1.7881375e-04
   1.6192894e-04
   1.2589717e-04
   5.1838976e-05
   1.1268456e-04
   5.0790825e-04
   1.2249882e-04
   9.8583189e-01
   3.8551407e-01
   1.2570556e-04
   1.0045936e-04
   1.2714779e-04
   6.4906072e-05
   1.2589717e-04
   2.0122985e-04
   7.7356165e-05
   1.1678743e-04
   3.6512424e-04
   9.6129430e-05
   1.7519412e-04
   1.2249882e-04
   2.5986548e-02
   1.4162114e-01
   9.6806154e-05
   1.6255728e-04
   6.2920813e-05
   1.2589717e-04
   1.5978721e-04
   1.0968983e-04
   1.2053641e-04
   9.1003078e-05
   9.4320419e-05
   1.3722034e-04
   6.5823386e-05
   8.9117326e-05
   4.0222178e-05
   1.0717440e-04
   6.4924295e-05
   1.4851056e-04
   9.8301315e-05
   1.1268456e-04
   2.7480002e-04
   3.6512424e-04
   1.6429271e-04
   1.5175704e-04
   1.5455773e-04
   2.8177673e-04
   4.9088553e-03
   1.1268456e-04
   3.0454779e-02
   2.0616594e-04
   8.4098646e-05
   7.6643972e-01
   1.2249882e-04
   2.5784786e-04
   1.2060222e-04
   8.5612429e-05
   8.4767729e-05
   8.3269845e-05
   6.4906072e-05
   1.6491422e-02
   1.5978721e-04
   1.2249882e-04
   2.2321706e-04
   2.3303120e-04
   6.4924295e-05
   1.9027079e-04
   7.3719157e-05
   1.3701964e-04
   1.4653291e-04
   3.6512424e-04
   8.9552004e-05
   4.6486460e-05
   1.0968983e-04
   1.2775786e-04
   6.5272439e-05
   1.2060222e-04
   6.8418107e-05
   9.9827492e-01
   1.6553081e-04
   1.2589717e-04
   1.5179934e-04
   2.5305650e-04
   7.7403672e-01
   4.6530056e-05
   1.2235352e-04
   1.3596316e-04
   1.2556149e-04
   1.3759498e-02
   3.4765557e-05
   1.2714779e-04
   9.9996594e-01
   2.0122985e-04
   1.1630617e-04
   1.2589717e-04
   6.5401650e-02
   8.7913369e-02
   1.2106161e-04
   1.4264656e-04
   1.2714779e-04
   1.2131626e-04
   2.1105560e-01
   1.6336204e-04
   1.5179934e-04
   1.1268456e-04
   1.2699158e-04
   1.2053641e-04
   4.7551752e-05
   1.4917161e-04
   5.4447160e-05
   1.4345488e-04
   1.9587050e-04
   1.2714779e-04
   1.5601228e-01
   1.0968983e-04
   1.3239676e-04
   1.0566747e-02
   2.1710021e-03
   1.2053641e-04
   4.9171393e-05
   7.5709520e-05
   7.8236555e-05
   1.6553081e-04
   1.1722169e-04
   5.2042076e-04
   1.6443345e-04
   2.4238033e-04
   1.0661685e-04
   7.5681210e-01
   2.2961849e-02
   1.0968983e-04
   6.0458721e-05
   1.2053641e-04
   5.1381595e-04
   5.6186595e-05
   2.3199038e-04
   1.2053641e-04
   1.0968983e-04
   6.0001772e-05
   6.3711860e-05
   2.0406706e-04
   1.2408712e-04
   1.0811526e-04
   1.4845942e-04
   1.1472560e-04
   3.0114290e-04
   1.5259121e-04
   7.1341755e-05
   4.8250642e-05
   5.8024427e-05
   6.1090422e-04
   1.3359052e-04
   1.1489231e-04
   7.5669964e-05
   7.4742963e-05
   1.5512885e-04
   1.4053758e-04
   2.0083992e-04
   9.3681838e-05
   6.4725929e-05
   4.0145548e-04
   1.4875786e-04
   1.2187010e-01
   2.2582975e-04
   3.1257295e-04
   2.3213627e-01
   4.9094563e-05
   2.6809342e-04
   7.5251585e-05
   1.2053641e-04
   1.2084362e-04
   6.3711860e-05
   2.3070868e-04
   1.7429695e-03
   5.7995924e-05
   1.2714779e-04
   6.1588772e-05
   6.6461162e-05
   8.2392773e-05
   6.1040056e-01
   1.1927194e-04
   7.0485064e-05
   1.0635577e-01
   6.2142743e-05
   1.4387419e-04
   1.6553081e-04
   1.2053641e-04
   1.6052014e-04
   4.0145548e-04
   5.6948540e-05
   1.6553081e-04
   1.2386842e-04
   3.4930686e-03
   7.2036851e-02
   6.4713684e-05
   1.4944712e-04
   5.5616055e-04
   6.6461162e-05
   4.2828160e-05
   6.6199221e-04
   1.3379777e-04
   7.2036851e-02
   6.2934645e-05
   1.1522491e-04
   5.9523654e-05
   3.8181168e-01
   1.5400132e-04
   1.3297411e-04
   1.4174374e-02
   4.7309088e-04
   1.0968983e-04
   2.5538044e-02
   1.2714779e-04
   1.2226348e-04
   5.9523654e-05
   8.0564222e-05
   1.2589717e-04
   1.8738655e-04
   5.0588218e-05
   2.0894534e-04
   1.2589717e-04
   9.8821657e-05
   9.3681838e-05
   5.6325575e-05
   6.7437099e-05
   8.6171979e-04
   2.1910779e-04
   9.8015014e-05
   6.2881007e-05
   1.8109537e-04
   4.1086622e-04
   1.6877901e-04
   1.2554487e-04
   1.4800956e-04
   5.9523654e-05
   4.5325356e-05
   4.4764459e-05
   1.4064763e-04
   2.6668275e-04
   6.5841527e-05
   1.9985920e-04
   6.8458826e-04
   5.3869941e-01
   1.0968983e-04
   9.8859639e-05
   5.9238307e-05
   1.1189557e-04
   7.1353593e-05
   1.3297411e-04
   6.2235385e-05
   1.0751212e-04
   8.2525881e-02
   7.1461969e-05
   2.2489782e-04
   6.7574086e-05
   1.0129498e-04
   2.2913059e-04
   9.4610125e-05
   2.6465711e-04
   1.0968983e-04
   1.6877901e-04
   6.2374817e-05
   4.7239720e-05
   1.5410015e-04
   1.5259121e-04
   2.0109465e-04
   1.6877901e-04
   5.6240060e-05
   1.7651471e-01
   9.3100460e-05
   5.7989400e-05
   9.4588352e-05
   5.6240060e-05
   1.6877901e-04
   1.9649991e-04
   7.2036851e-02
   7.5022645e-01
   5.1855101e-05
   6.6496653e-05
   5.4307073e-05
   4.0145548e-04
   9.3681838e-05
   1.9412724e-04
   9.1675731e-05
   1.0067870e-01
   1.6490092e-04
   6.1975898e-05
   1.5967618e-01
   1.1351322e-04
   1.6084800e-04
   1.5410015e-04
   1.7622976e-04
   1.6798471e-04
   6.4201741e-05
   4.9949398e-05
   2.3986772e-05
   7.2997660e-04
   3.4886839e-04
   6.0828733e-05
   6.4680900e-05
   1.3127729e-04
   1.8738655e-04
   7.2036851e-02
   9.3100460e-05
   5.1985068e-01
   9.1003078e-05
   8.8339747e-05
   9.9022910e-05
   1.6877901e-04
   1.1752237e-04
   1.0968983e-04
   1.1036271e-04
   9.1380007e-01
   1.7782026e-04
   1.2474885e-04
   2.2037928e-04
   8.8339747e-05
   2.7212556e-01
   9.5500877e-05
   1.2589717e-04
   1.9434062e-04
   8.8158604e-05
   3.9074872e-05
   6.6461162e-05
   5.1105119e-04
   8.8339747e-05
   1.0968983e-04
   7.2034197e-05
   1.0421301e-04
   9.1651802e-05
   5.9523654e-05
   1.1189557e-04
   1.7509975e-04
   5.1105119e-04
   3.4573910e-04
   7.7414101e-05
   5.2838056e-05
   1.2589717e-04
   1.2603779e-04
   3.8098762e-05
   1.3106476e-04
   9.5500877e-05
   2.5748266e-04
   1.1522491e-04
   7.7542292e-05
   2.1320235e-04
   6.6461162e-05
   1.1319262e-04
   6.6273259e-04
   4.7869292e-04
   6.5588684e-04
   1.3106476e-04
   1.4296075e-04
   1.0911975e-04
   8.8339747e-05
   5.9523654e-05
   1.0916250e-04
   8.8339747e-05
   4.3466668e-05
   1.7579633e-01
   1.7174862e-04
   3.1761220e-03
   6.8243824e-05
   6.2900893e-05
   1.4296075e-04
   2.0626891e-04
   1.5137452e-04
   1.1673713e-04
   2.8990202e-04
   1.7843800e-04
   1.5410015e-04
   1.0629304e-04
   1.2137414e-04
   8.1950724e-05
   4.0545145e-05
   1.1053574e-04
   4.2147363e-04
   2.4745519e-04
   4.0545145e-05
   9.2241742e-01
   1.2603779e-04
   2.8990202e-04
   6.3658042e-05
   9.8859639e-05
   8.8339747e-05
   9.4291743e-05
   9.3046234e-05
   4.6148070e-05
   2.4108991e-04
   1.2603779e-04
   1.1248826e-04
   7.2741211e-05
   7.7335576e-01
   2.7142331e-04
   1.4011009e-04
   8.2014910e-05
   4.4234749e-05
   1.3077417e-04
   2.0667179e-03
   6.2773509e-05
   4.4601296e-05
   5.9923872e-05
   5.6240060e-05
   2.3431723e-04
   5.6919874e-04
   1.4296075e-04
   8.8339747e-05
   6.7945344e-05
   6.9186487e-05
   8.8339747e-05
   1.2636231e-04
   1.1845221e-04
   4.1471879e-04
   6.9186487e-05
   4.0545145e-05
   2.2798647e-04
   1.8014951e-04
   2.8643849e-04
   1.2681277e-04
   5.4174287e-04
   1.6429271e-04
   6.5916278e-04
   5.1208708e-04
   1.0811526e-04
   1.0432737e-04
   1.4296075e-04
   3.9273632e-04
   8.8339747e-05
   8.0410170e-05
   1.1319262e-04
   1.4554807e-04
   7.8885840e-05
   3.3691139e-02
   9.9949754e-01
   1.1692681e-04
   1.9228987e-04
   1.5930734e-04
   5.1520949e-05
   1.2666600e-04
   1.1738182e-04
   8.8339747e-05
   1.3537204e-01
   1.2636368e-04
   7.1606404e-05
   1.0401310e-01
   9.8859639e-05
   9.0150529e-05
   5.8400849e-05
   9.5612314e-05
   1.3111307e-04
   1.1435750e-01
   5.6715881e-05
   1.1489231e-04
   2.4108991e-04
   1.2827145e-04
   1.5816205e-04
   1.6857932e-04
   5.0499917e-04
   4.1970482e-02
   2.8555833e-04
   9.6117739e-05
   8.7152768e-04
   1.4717112e-04
   1.0432737e-04
   4.5984932e-01
   7.5981472e-05
   1.1268456e-04
   7.1779848e-02
   5.8356000e-04
   5.6856613e-05
   9.5612314e-05
   4.1324453e-04
   6.4528048e-05
   1.5809955e-01
   9.9932889e-01
   1.6984771e-02
   3.8001717e-02
   8.8339747e-05
   9.4879446e-05
   5.5803808e-05
   1.0899758e-04
   5.6856613e-05
   4.5598719e-04
   1.3006496e-04
   2.1612761e-01
   1.5900642e-04
   8.8339747e-05
   1.0401868e-04
   5.6856613e-05
   9.5500877e-05
   1.6415240e-04
   1.5816205e-04
   1.0347651e-04
   1.5369384e-04
   1.0892169e-04
   9.6018598e-05
   7.0653710e-05
   1.2162261e-04
   1.5206162e-04
   1.8559068e-04
   1.3745790e-04
   6.3650645e-02
   1.1268456e-04
   5.6856613e-05
   5.7372353e-05
   9.8013914e-05
   1.5900642e-04
   1.7698460e-04
   9.5500877e-05
   7.3194850e-05
   1.1024914e-04
   1.5090960e-01
   6.2949081e-05
   1.2897035e-04
   5.9539921e-05
   9.5500877e-05
   5.0362286e-04
   2.1849302e-04
   9.5612314e-05
   1.2783175e-04
   6.0237651e-05
   6.6199221e-04
   1.1268456e-04
   1.2589717e-04
   8.7815400e-05
   1.0861425e-04
   9.5612314e-05
   1.2783175e-04
   1.5503995e-04
   1.0881901e-04
   1.0676689e-04
   1.3244641e-04
   9.5612314e-05
   1.2783175e-04
   5.3599124e-05
   9.5500877e-05
   1.0578606e-04
   1.2783175e-04
   2.2236494e-05
   1.9675597e-04
   2.8902436e-04
   6.2857197e-05
   6.6199221e-04
   9.5500877e-05
   5.6856613e-05
   1.9799979e-04
   5.6817869e-05
   1.0432737e-04
   1.6427605e-04
   2.8410482e-05
   6.6199221e-04
   6.4236996e-05
   8.8339747e-05
   2.7130531e-04
   5.6743850e-05
   1.2783175e-04
   2.8555833e-04
   5.6856613e-05
   8.8339747e-05
   9.5500877e-05
   1.1615272e-04
   1.9108894e-01
   5.6856613e-05
   1.0492487e-04
   8.3506705e-05
   6.7435927e-05
   8.3593220e-05
   1.0968983e-04
   1.2636231e-04
   7.6988012e-05
   1.1550352e-04
   2.9011386e-05
   7.7542292e-05
   2.3221147e-04
   9.5500877e-05
   1.0968983e-04
   1.0677893e-04
   1.1844641e-04
   1.6603025e-04
   4.0151604e-02
   5.6856613e-05
   1.1902406e-03
   1.2954723e-04
   1.0917526e-04
   9.5500877e-05
   1.0832167e-04
   8.6720656e-05
   6.3650645e-02
   7.7812358e-05
   1.0917526e-04
   9.6887180e-05
   8.3593220e-05
   8.8339747e-05
   1.1770653e-04
   1.0432737e-04
   9.5612314e-05
   6.2225350e-05
   1.1734490e-04
   5.6856613e-05
   2.7998559e-05
   9.6085656e-05
   1.0968983e-04
   2.3856749e-04
   7.7384910e-02
   2.1612761e-01
   4.9803344e-05
   1.6553081e-04
   1.3294610e-04
   9.3100460e-05
   1.5619064e-04
   9.1467303e-05
   5.6743850e-05
   1.0717459e-04
   9.5612314e-05
   6.3542507e-05
   5.7989547e-05
   5.6856613e-05
   1.0403719e-04
   2.8153512e-04
   8.1276160e-05
   1.8002129e-04
   1.0492487e-04
   9.5500877e-05
   8.4767729e-05
   6.0854419e-05
   8.8339747e-05
   1.3294610e-04
   9.5500877e-05
   2.8410482e-05
   2.9792220e-04
   9.8213247e-05
   1.2675699e-04
   1.0968983e-04
   7.6681017e-02
   6.2900893e-05
   1.0432737e-04
   5.6856613e-05
   9.4419852e-05
   1.2783175e-04
   8.8339747e-05
   9.9910530e-05
   9.5612314e-05
   5.6856613e-05
   1.0793735e-04
   1.6115228e-04
   6.6199221e-04
   9.5500877e-05
   6.4440133e-05
   6.6199221e-04
   4.9207409e-04
   2.4816156e-05
   8.8339747e-05
   9.5500877e-05
   2.7064572e-02
   1.0432737e-04
   7.7414101e-05
   1.8410570e-03
   1.0968983e-04
   5.6856613e-05
   4.8541194e-02
   9.8592934e-05
   2.3290974e-04
   3.9946060e-05
   1.4558288e-01
   5.9973667e-04
   5.6856613e-05
   9.3429667e-05
   8.8339747e-05
   1.0432737e-04
   6.1719748e-05
   9.2089978e-05
   1.0968983e-04
   9.9980686e-01
   9.6883620e-05
   5.4451649e-04
   9.5500877e-05
   9.9806048e-01
   9.3429667e-05
   9.8522654e-05
   9.5500877e-05
   7.7541186e-05
   6.6199221e-04
   6.6340839e-04
   1.2171159e-04
   8.8339747e-05
   2.0563896e-04
   7.7861733e-05
   5.6856613e-05
   6.3382267e-05
   6.3182601e-05
   4.2981427e-05
   8.3640817e-05
   5.7189679e-05
   2.4883593e-05
   1.0968983e-04
   9.5500877e-05
   1.1227833e-03
   1.5251741e-02
   4.2434171e-05
   1.0193391e-04
   4.3466668e-05
   1.1156020e-04
   7.6988012e-05
   3.1387864e-04
   8.9640349e-05
   1.5008024e-04
   8.8339747e-05
   4.3466668e-05
   5.0312767e-04
   7.5327948e-05
   6.4069371e-05
   9.5740619e-05
   5.4932992e-05
   1.2243352e-04
   1.2171159e-04
   2.1771656e-04
   4.4326831e-05
   4.2399491e-01
   2.6531828e-03
   2.1600020e-04
   3.3798016e-05
   8.8339747e-05
   3.9405956e-02
   1.0968983e-04
   7.6998871e-01
   3.1924677e-04
   3.3798016e-05
   5.8895346e-03
   8.8388326e-05
   1.8591202e-04
   9.5244676e-05
   7.7542292e-05
   3.9405956e-02
   1.0968983e-04
   5.4081171e-05
   2.0563896e-04
   1.2167866e-04
   2.6653569e-04
   1.1385842e-04
   1.5179934e-04
   3.6438793e-04
   1.5483003e-04
   9.2794150e-05
   4.9123022e-05
   3.5691988e-01
   1.2171159e-04
   6.6382982e-05
   8.8339747e-05
   2.6726020e-05
   7.0870951e-05
   9.5500877e-05
   8.7865718e-05
   4.3407478e-05
   1.0822098e-04
   6.6858531e-05
   5.0158278e-04
   8.8339747e-05
   9.5500877e-05
   6.2900893e-05
   1.1018409e-04
   1.0968983e-04
   1.0684220e-04
   2.0563896e-04
   8.1965953e-05
   6.1643680e-04
   6.4057735e-05
   8.8339747e-05
   7.5506308e-05
   1.6070249e-04
   4.2947408e-05
   2.7444522e-04
   9.0660620e-04
   9.8847998e-05
   2.8753964e-04
   9.4441640e-05
   2.5694936e-04
   1.5483003e-04
   8.7461046e-05
   9.8213247e-05
   5.7230282e-05
   7.2175089e-05
   3.1228960e-04
   1.3955866e-04
   2.1600020e-04
   1.5327868e-04
   1.2545037e-04
   1.0752200e-04
   1.2397010e-04
   7.5280118e-05
   8.8339747e-05
   8.3181365e-05
   1.0765848e-01
   1.9736142e-01
   1.5179934e-04
   1.9558970e-04
   2.7985907e-05
   2.0563896e-04
   1.0421301e-04
   6.5021282e-05
   1.0968983e-04
   8.9308392e-05
   6.8025377e-05
   3.1191496e-04
   3.1228960e-04
   7.5413208e-05
   7.1006819e-05
   1.5327868e-04
   1.3481880e-04
   1.5483003e-04
   2.1600020e-04
   9.9983416e-01
   1.6948805e-04
   3.1228960e-04
   2.4072172e-01
   8.1318542e-05
   8.8339747e-05
   9.9562263e-01
   1.5334241e-04
   3.1228960e-04
   3.9265528e-05
   1.9385705e-04
   1.4726357e-04
   7.3316637e-05
   1.5337364e-04
   1.5239294e-04
   8.8339747e-05
   1.2171159e-04
   1.0968983e-04
   1.5134295e-02
   7.9733034e-05
   5.6856613e-05
   8.8339747e-05
   1.9244387e-04
   3.1558503e-01
   1.3962647e-04
   3.0745256e-05
   5.6856613e-05
   1.1749044e-04
   5.0312767e-04
   9.9938483e-01
   8.2115001e-01
   5.4375203e-02
   9.8758646e-05
   8.3406443e-05
   5.0917680e-04
   4.2388389e-05
   1.5327868e-04
   3.7204017e-05
   1.9385705e-04
   6.8143206e-05
   3.5365998e-04
   7.2036851e-02
   7.7414101e-05
   7.8182257e-04
   8.8339747e-05
   7.6212217e-01
   6.8782495e-05
   8.4030668e-05
   1.6553081e-04
   5.6856613e-05
   8.8388326e-05
   3.9273632e-04
   1.0752200e-04
   6.6980727e-01
   2.0151423e-01
   3.3090159e-04
   5.6722321e-01
   1.5179934e-04
   7.2036851e-02
   2.2271904e-04
   6.7063481e-05
   1.1625933e-04
   9.4266708e-05
   5.8105526e-05
   8.4239828e-05
   5.6856613e-05
   4.3200782e-05
   3.7660162e-03
   1.3089123e-04
   5.3791901e-05
   5.3257478e-05
   1.5434901e-04
   1.6261708e-04
   7.1727681e-05
   2.6965932e-04
   1.0968983e-04
   5.9523654e-05
   9.5302441e-05
   9.9385255e-05
   6.5178128e-05
   3.0134707e-04
   1.8214688e-04
   2.6653569e-04
   1.6713618e-04
   1.2589717e-04
   1.0108518e-04
   9.1266560e-05
   5.9062693e-05
   3.3090159e-04
   1.5179934e-04
   1.2589717e-04
   1.5179934e-04
   1.1656444e-04
   9.5340900e-05
   1.2396195e-04
   7.1192525e-05
   1.5483003e-04
   1.3025600e-04
   8.8412480e-05
   2.1419657e-04
   1.5179934e-04
   4.3561636e-05
   7.4216427e-05
   1.5719778e-04
   9.3987132e-05
   1.4722397e-04
   2.1894583e-01
   4.5374937e-04
   4.2042960e-05
   2.8141824e-04
   2.8618068e-04
   1.1307732e-04
   5.6856613e-05
   7.9523969e-05
   5.2984219e-04
   3.9112009e-05
   1.1625933e-04
   1.2897035e-04
   1.2464114e-04
   1.8577515e-04
   6.8353539e-05
   1.0968983e-04
   3.0454033e-02
   8.9308392e-05
   2.1600020e-04
   2.5214859e-04
   8.3592701e-05
   1.5928373e-04
   1.0236129e-04
   1.8328528e-04
   1.2897035e-04
   6.5234514e-05
   1.0968983e-04
   9.9385255e-05
   6.1449198e-04
   6.8372489e-01
   8.9308392e-05
   4.8685170e-05
   1.2897035e-04
   1.3856763e-04
   3.6432100e-01
   2.1546325e-04
   2.0010761e-01
   6.9443323e-05
   1.0968983e-04
   7.4122242e-05
   7.2144770e-01
   8.8339747e-05
   2.0811070e-01
   2.1600020e-04
   8.8339747e-05
   5.6856613e-05
   7.1118750e-05
   5.3913023e-05
   7.5387890e-01
   5.6260449e-05
   5.2410574e-02
   8.8339747e-05
   1.1318792e-04
   1.2897035e-04
   1.9353292e-04
   5.0503805e-02
   1.0421301e-04
   8.8339747e-05
   1.1869592e-04
   1.6553081e-04
   3.6512424e-04
   4.5182725e-04
   1.2589717e-04
   1.8420143e-04
   6.9538149e-05
   1.1307684e-04
   4.9088075e-03
   1.9550857e-04
   1.2286824e-04
   2.0934081e-04
   1.0968983e-04
   1.5950003e-04
   2.2722045e-04
   6.9470128e-05
   1.8726224e-03
   6.3711860e-05
   1.6553081e-04
   1.0830859e-04
   5.6856613e-05
   1.3091353e-04
   1.2589717e-04
   1.5157516e-01
   9.3065572e-05
   8.8339747e-05
   4.9910813e-04
   1.1767640e-04
   1.8577515e-04
   2.0903984e-04
   1.5007050e-04
   7.4216427e-05
   1.2123862e-04
   7.9189001e-05
   9.9940015e-01
   1.2344310e-03
   1.2589717e-04
   1.1220633e-04
   4.5484442e-05
   1.3674368e-04
   7.4216427e-05
   1.0105606e-04
   5.9676815e-05
   7.7650825e-05
   6.3800310e-04
   6.9890749e-01
   5.8598797e-05
   1.1935599e-04
   1.0592129e-04
   6.3711860e-05
   1.0422598e-04
   7.5116283e-05
   9.4154768e-05
   8.8339747e-05
   4.9675012e-05
   2.1600020e-04
   3.6512424e-04
   1.2066022e-04
   6.7749909e-05
   1.0592129e-04
   8.6749102e-05
   7.1612323e-05
   1.3674368e-04
   2.6574845e-04
   8.8339747e-05
   1.2897035e-04
   5.7044590e-04
   7.9631870e-05
   2.1276459e-04
   8.8339747e-05
   6.6549953e-05
   1.3418230e-04
   8.8339747e-05
   1.7813956e-02
   1.2429923e-04
   1.4053758e-04
   8.9308392e-05
   1.1322652e-04
   6.0808725e-05
   1.0968983e-04
   3.1193839e-01
   1.0105606e-04
   1.1583819e-04
   1.3315430e-04
   1.2619118e-04
   1.0968983e-04
   7.2036851e-02
   8.2652859e-05
   1.0613617e-04
   6.1543286e-04
   1.0105606e-04
   5.6937953e-02
   8.8638314e-04
   1.2783175e-04
   1.3294610e-04
   1.8646187e-04
   8.8339747e-05
   1.3197468e-04
   6.4839976e-05
   6.8912055e-05
   6.6791464e-05
   6.0988513e-05
   5.6743850e-05
   1.2897035e-04
   2.1276459e-04
   1.4102041e-04
   2.2321173e-04
   1.5125998e-04
   6.7560215e-05
   5.6856613e-05
   8.8339747e-05
   6.0952244e-05
   1.2214518e-04
   5.1031296e-05
   1.0105606e-04
   7.4114900e-05
   1.4008655e-04
   1.0968983e-04
   5.8298021e-01
   9.3585462e-05
   2.8611634e-04
   2.2114702e-01
   1.0677411e-04
   5.7086441e-05
   8.8339747e-05
   8.9901698e-05
   6.3711860e-05
   1.4009081e-04
   9.9951396e-01
   1.1745629e-04
   7.2707392e-05
   1.0283487e-04
   5.7086441e-05
   7.4590790e-05
   9.9971394e-01
   8.8339747e-05
   2.1276459e-04
   1.1268456e-04
   5.6093612e-05
   1.7116465e-04
   1.2589717e-04
   6.0134850e-05
   2.6531828e-03
   8.8339747e-05
   3.2195526e-04
   5.2001677e-02
   1.9141894e-02
   1.0968983e-04
   8.8339747e-05
   1.0336655e-04
   2.1148074e-04
   2.2235289e-04
   6.3145211e-05
   2.5382352e-04
   7.5387899e-01
   8.5275215e-05
   5.5031792e-05
   9.9024248e-05
   6.4570156e-05
   1.0316764e-04
   8.5297489e-05
   1.1351322e-04
   3.6512424e-04
   6.5447777e-05
   8.8339747e-05
   1.0968983e-04
   9.7403867e-05
   5.1251720e-05
   7.2036851e-02
   6.3274039e-05
   2.0411919e-01
   9.3425580e-02
   5.1167109e-05
   8.8339747e-05
   1.0105606e-04
   1.9550857e-04
   7.9636202e-05
   9.9958312e-01
   7.3690943e-05
   2.9858805e-02
   9.1495156e-05
   5.6143499e-05
   1.0105606e-04
   8.9360277e-05
   2.4644432e-04
   4.6477806e-05
   1.0704010e-01
   8.4994080e-05
   6.6611791e-04
   8.7667569e-05
   5.0868873e-05
   3.4829342e-01
   7.6346869e-05
   1.9871409e-03
   7.8398778e-05
   1.4176446e-04
   1.0105606e-04
   2.8257368e-04
   8.7667569e-05
   7.5189664e-05
   6.1321384e-05
   2.1246186e-04
   1.2589717e-04
   1.2714779e-04
   2.1276459e-04
   4.1280010e-04
   1.0822008e-04
   2.2612068e-04
   8.7667569e-05
   6.9573857e-01
   2.5556885e-04
   3.8982239e-04
   1.3566505e-04
   1.1081277e-03
   8.1963377e-05
   7.5189664e-05
   1.0968983e-04
   2.5267528e-04
   1.0165484e-04
   6.4738622e-05
   5.2593437e-05
   1.1343167e-04
   9.0086120e-05
   9.2491593e-05
   1.3379777e-04
   1.3037376e-04
   8.9966525e-05
   1.4866977e-04
   2.7224587e-04
   2.0047977e-04
   8.8339747e-05
   7.5420518e-05
   1.2714779e-04
   2.9653509e-05
   5.4877556e-05
   8.8339747e-05
   7.1401263e-05
   7.2036851e-02
   7.8840485e-05
   2.5673720e-04
   6.1860384e-05
   1.2714779e-04
   8.8339747e-05
   1.0968983e-04
   1.8872932e-04
   1.2714779e-04
   2.1022108e-04
   1.5173061e-04
   6.3200732e-05
   1.1021088e-04
   6.3610883e-05
   1.8872932e-04
   1.5734157e-04
   1.5179934e-04
   1.3503233e-04
   1.3455056e-04
   4.7034239e-04
   9.0946153e-05
   5.9073760e-05
   1.6987870e-03
   7.6801902e-05
   1.1974548e-04
   1.0681526e-04
   1.4011484e-04
   8.7667569e-05
   1.4866977e-04
   1.8768961e-04
   1.0437690e-04
   3.9946060e-05
   7.2036851e-02
   2.8753964e-04
   9.6800054e-05
   8.0089723e-03
   7.0372585e-05
   1.7814070e-04
   1.5457288e-04
   1.7145678e-04
   1.4691856e-04
   7.2036851e-02
   1.6192894e-04
   1.0714020e-04
   7.5203267e-05
   1.8949835e-01
   8.4455213e-05
   1.2589717e-04
   8.4767729e-05
   8.0089723e-03
   1.7516504e-04
   7.2793215e-05
   7.1764361e-05
   2.1803835e-04
   7.4715081e-05
   1.0681526e-04
   7.9471844e-05
   8.8339747e-05
   1.3469934e-04
   1.2507343e-04
   8.2132432e-05
   1.3181195e-03
   8.8670149e-05
   1.0541599e-04
   6.8059043e-05
   8.8339747e-05
   8.7667569e-05
   1.0968983e-04
   6.9285449e-05
   7.2036851e-02
   1.5856397e-04
   1.0448983e-04
   3.9125963e-01
   1.8872932e-04
   7.9700126e-05
   1.8701814e-04
   8.7667569e-05
   8.0089723e-03
   7.9808662e-05
   6.8832388e-05
   5.0240523e-05
   2.8026936e-04
   8.7667569e-05
   2.2392826e-04
   1.1405366e-04
   3.3826417e-05
   6.5111166e-05
   5.6361603e-05
   5.7397001e-05
   7.2036851e-02
   8.0089723e-03
   1.0437690e-04
   5.7585092e-05
   7.3622970e-05
   2.8753964e-04
   1.0968983e-04
   8.0089723e-03
   2.6382156e-03
   7.3814255e-05
   4.9774525e-05
   1.9917956e-03
   8.0089723e-03
   5.6464041e-05
   1.1228735e-04
   1.8279090e-04
   7.4831906e-05
   8.9901698e-05
   1.2714779e-04
   2.4817116e-04
   1.4605078e-04
   7.6470883e-05
   7.2036851e-02
   7.6620224e-04
   8.0089723e-03
   8.2014910e-05
   1.0244503e-04
   2.0010762e-01
   1.0968983e-04
   1.1638249e-04
   2.5049582e-04
   7.3704222e-05
   1.2140240e-04
   8.9109558e-05
   6.1996411e-04
   1.7354588e-04
   1.0232504e-04
   6.8287752e-05
   1.6433361e-04
   7.7899595e-05
   1.0881028e-04
   1.0619406e-04
   1.7387647e-04
   3.0791290e-04
   7.1544820e-02
   1.2187010e-01
   2.2246391e-04
   4.4650120e-03
   8.2596046e-05
   9.8843763e-05
   1.2350524e-04
   1.2031962e-04
   8.1436730e-05
   1.8504262e-02
   8.4143593e-01
   8.0089723e-03
   8.3013344e-05
   1.1588874e-04
   3.6802388e-02
   2.8753964e-04
   1.0968983e-04
   9.9906118e-01
   8.1090180e-05
   8.0089723e-03
   2.0112471e-04
   2.1146531e-04
   9.9873381e-05
   6.1996411e-04
   1.2236064e-04
   1.7194972e-04
   5.0475709e-04
   8.9901698e-05
   7.2036851e-02
   2.7844686e-02
   1.3339468e-04
   1.4449337e-04
   1.1656444e-04
   1.2589717e-04
   1.1380084e-03
   2.0813817e-04
   2.2379414e-01
   1.6580947e-04
   1.9949639e-04
   7.1929922e-05
   1.6276729e-04
   2.8753964e-04
   2.2352403e-04
   2.8753964e-04
   6.9784734e-05
   8.0089724e-03
   5.8723667e-05
   7.5373175e-05
   4.4691069e-01
   2.2200253e-04
   1.3388501e-04
   9.9925749e-01
   9.5514687e-05
   1.6553081e-04
   8.7553225e-02
   1.0968983e-04
   1.2468603e-04
   5.2633360e-04
   7.8642144e-05
   6.2773509e-05
   1.2187010e-01
   4.6848910e-04
   7.7648915e-05
   8.9072242e-03
   1.9472011e-04
   8.4734609e-05
   1.0681526e-04
   1.6732590e-04
   2.0453988e-04
   7.8955696e-04
   9.9964872e-01
   3.0933123e-02
   4.1542668e-04
   1.3936712e-04
   7.8159147e-04
   7.1918298e-04
   7.1362928e-05
   5.1633734e-05
   9.1454325e-05
   6.1996411e-04
   3.3668136e-04
   1.0722813e-04
   9.2989841e-05
   1.2140240e-04
   1.0968983e-04
   1.4359352e-02
   8.7667569e-05
   1.1403870e-04
   7.6533307e-05
   2.5902139e-04
   1.1511423e-04
   1.6550133e-04
   2.9389278e-01
   1.2738757e-04
   7.1362928e-05
   1.4639127e-04
   1.8169934e-04
   9.5389592e-04
   9.6887180e-05
   1.5450658e-04
   1.0483561e-04
   1.2738757e-04
   1.6553081e-04
   1.1997492e-02
   1.3566505e-04
   2.3605805e-04
   1.1856551e-04
   6.1841576e-02
   1.1238358e-04
   2.1419657e-04
   1.2140240e-04
   8.7667569e-05
   1.2938924e-04
   4.2819323e-04
   2.0162815e-03
   1.8017792e-04
   1.2140240e-04
   5.3740740e-05
   1.0696758e-04
   1.4627421e-04
   6.3711860e-05
   6.4046421e-05
   1.2589717e-04
   7.1645453e-05
   1.6135497e-04
   1.2140240e-04
   8.7667569e-05
   5.3817042e-05
   1.0299728e-04
   4.0903287e-04
   3.7211161e-04
   2.9293125e-03
   1.3957561e-04
   1.7656253e-04
   1.0905720e-04
   4.7099295e-04
   1.2024174e-04
   1.0968983e-04
   1.0001503e-04
   1.3364402e-04
   1.1311809e-04
   1.2187010e-01
   1.1558799e-04
   3.6736810e-04
   1.3117766e-04
   8.9045541e-05
   1.0968983e-04
   6.4883824e-05
   8.7734856e-05
   1.3133418e-04
   6.1996411e-04
   1.1665807e-04
   5.8983167e-04
   3.3355345e-01
   4.3168663e-01
   6.4883824e-05
   9.9969156e-01
   6.4598825e-05
   8.8339747e-05
   8.7667569e-05
   1.2270622e-04
   1.0541599e-04
   9.9358872e-05
   8.8339747e-05
   5.4195006e-05
   1.2838309e-04
   1.1653011e-04
   1.2760118e-04
   3.4736591e-01
   1.0105606e-04
   1.0968983e-04
   7.7278628e-05
   1.4754216e-04
   2.2138387e-04
   7.3839003e-05
   4.6219039e-05
   7.9252385e-05
   7.5876135e-05
   1.8633146e-04
   6.4837188e-05
   2.2406190e-04
   1.4370484e-04
   5.6948540e-05
   1.1121365e-04
   6.1996411e-04
   1.5603760e-04
   1.1734355e-04
   8.7667569e-05
   6.1996411e-04
   6.4883824e-05
   1.0105606e-04
   1.3106476e-04
   1.0421074e-04
   1.5501437e-04
   8.7667569e-05
   8.2792050e-05
   6.7072504e-05
   8.8339747e-05
   6.4883824e-05
   6.3711860e-05
   1.1734355e-04
   4.0104528e-04
   6.1601522e-05
   1.0541599e-04
   6.1996411e-04
   1.5525975e-03
   1.1734355e-04
   1.5657245e-04
   7.1354530e-01
   2.1396221e-04
   1.2112241e-04
   8.8339747e-05
   9.2544328e-05
   1.5525975e-03
   8.8339747e-05
   1.0711245e-04
   1.4109797e-04
   1.1767640e-04
   1.7233573e-04
   8.8995705e-02
   1.0541599e-04
   1.0831568e-04
   8.7667569e-05
   3.7973731e-05
   1.1856551e-04
   1.1856551e-04
   1.0105606e-04
   7.4381906e-04
   5.8774366e-03
   6.4883824e-05
   8.8339747e-05
   9.8829976e-05
   1.1856551e-04
   5.8905570e-05
   4.2979281e-04
   4.9693498e-04
   6.4883824e-05
   3.1522514e-04
   1.4699330e-03
   1.4802734e-04
   1.2066022e-04
   1.4717690e-04
   5.6419371e-05
   1.7078229e-01
   5.6193250e-05
   4.1971712e-02
   9.6465954e-01
   1.0088933e-04
   9.3987132e-05
   3.0113331e-04
   1.5512885e-04
   1.6169820e-04
   7.0394721e-05
   1.5816205e-04
   8.8627590e-05
   1.4271341e-04
   8.2622961e-05
   7.0936783e-04
   1.1323613e-04
   8.0572341e-05
   1.1318792e-04
   6.4884364e-05
   6.4318229e-05
   5.4659155e-05
   1.6553081e-04
   9.9967900e-01
   8.1186638e-05
   1.1550352e-04
   9.4707562e-05
   1.5179934e-04
   1.2613124e-04
   5.3860549e-05
   1.3800468e-04
   2.5986654e-02
   1.6983684e-04
   1.5179934e-04
   6.7476208e-05
   9.0502398e-05
   8.7955090e-05
   4.5107424e-04
   9.9990651e-01
   9.2788223e-05
   1.2457672e-04
   8.7955090e-05
   8.1484621e-05
   5.7816659e-05
   4.9749157e-05
   1.2589717e-04
   2.0010764e-01
   1.1318792e-04
   1.0752200e-04
   1.4271341e-04
   1.1318792e-04
   7.1063759e-05
   1.8014951e-04
   1.0178494e-04
   5.1247073e-05
   1.1323613e-04
   2.3799692e-04
   3.7440744e-02
   7.8525721e-05
   1.0252483e-04
   1.8566655e-04
   5.8307747e-05
   1.1318792e-04
   5.6819111e-05
   1.3896972e-04
   4.2019429e-05
   6.1106850e-05
   9.5850750e-05
   6.4622403e-05
   1.0511486e-04
   3.7440745e-02
   2.8582328e-04
   4.6664000e-05
   1.1751064e-04
   7.0823219e-05
   9.3899092e-05
   8.4661116e-04
   8.6690496e-01
   1.8243744e-04
   9.5850750e-05
   4.9031790e-05
   1.0124948e-03
   3.3355342e-01
   1.2416746e-04
   9.5850750e-05
   1.0089187e-04
   1.3288781e-04
   6.6322872e-05
   1.5179934e-04
   1.3875516e-04
   4.8960203e-05
   1.1177708e-04
   3.2090837e-04
   1.4820695e-04
   1.3875516e-04
   1.0299728e-04
   9.4205906e-05
   1.1318792e-04
   8.8627590e-05
   2.7972701e-02
   1.1280452e-04
   1.5179934e-04
   2.5538323e-02
   2.5153704e-04
   6.3938117e-05
   8.1245684e-05
   8.4651060e-05
   2.6746859e-05
   2.5183228e-03
   1.3759365e-02
   6.3938117e-05
   3.0930872e-05
   1.0124948e-03
   6.9591092e-05
   5.6240060e-05
   4.9842810e-05
   9.0623244e-05
   6.3938117e-05
   1.4945213e-04
   9.9990651e-01
   9.9988938e-01
   2.9484933e-04
   7.3474799e-05
   2.6992292e-03
   1.3994698e-04
   3.6863993e-04
   5.0080464e-05
   1.0548998e-04
   9.6211381e-05
   1.3209647e-04
   1.3875516e-04
   8.1999720e-05
   2.1717032e-05
   1.0566672e-02
   9.3811825e-03
   1.5179934e-04
   1.2565189e-04
   5.2588862e-04
   7.9645037e-05
   1.2327424e-04
   1.1173189e-04
   1.0080737e-04
   5.3495717e-05
   1.1594701e-04
   2.9315796e-04
   4.8369456e-05
   5.6798049e-05
   7.8410218e-05
   6.4498724e-05
   1.3722322e-04
   1.7244770e-04
   7.0749117e-05
   6.4622403e-05
   8.1420097e-05
   9.3997555e-05
   1.2118102e-04
   5.4297058e-05
   2.2787296e-04
   1.0437850e-04
   2.0219352e-04
   4.7705738e-05
   1.8577515e-04
   1.2981856e-04
   9.4848259e-05
   1.4918641e-04
   1.2589717e-04
   2.8753964e-04
   1.5700994e-04
   1.2589717e-04
   2.0219352e-04
   1.6553081e-04
   3.5761332e-04
   1.1334129e-04
   2.8947005e-04
   6.7782303e-05
   1.8577515e-04
   1.0548998e-04
   8.1173263e-05
   1.1535452e-04
   5.4160879e-05
   3.8689051e-02
   6.9779044e-05
   5.6798049e-05
   4.0282010e-04
   5.5865276e-05
   8.6152450e-05
   2.0219352e-04
   8.6858044e-04
   2.7391708e-04
   1.3288781e-04
   3.5805017e-04
   6.3938117e-05
   2.0219352e-04
   5.8986340e-05
   1.6983889e-04
   1.2834146e-04
   6.5314852e-05
   4.6622260e-01
   6.3938117e-05
   8.6313282e-05
   5.2867702e-04
   4.8049279e-04
   2.1683125e-02
   1.3079035e-04
   5.0847658e-05
   6.8308647e-05
   6.3938117e-05
   9.6006436e-05
   3.5696680e-04
   6.5259103e-05
   4.8913559e-05
   9.9980231e-01
   3.7912625e-03
   7.8228446e-05
   7.3725650e-05
   2.3097072e-04
   3.4866125e-04
   7.1399263e-05
   5.5865276e-05
   1.0280020e-04
   1.0022904e-04
   7.3779989e-02
   9.5049683e-05
   1.3079035e-04
   7.6077025e-05
   3.7912625e-03
   9.6247115e-05
   8.1095564e-05
   1.0052305e-01
   9.9973765e-01
   8.7081307e-05
   3.3275057e-04
   1.8736357e-02
   1.2483534e-04
   2.0060436e-04
   2.8760184e-02
   6.3938117e-05
   1.9958270e-04
   1.0996060e-04
   1.4329353e-02
   5.1603953e-05
   1.0022904e-04
   1.1437224e-04
   9.9973765e-01
   3.0346551e-04
   1.4378468e-04
   9.7960031e-05
   1.0313020e-04
   1.1217784e-04
   1.6178458e-04
   9.0747736e-05
   1.1558593e-04
   6.2523634e-04
   3.4144228e-04
   7.8543548e-05
   9.6408869e-05
   9.8509612e-05
   1.1522491e-04
   3.0455304e-04
   2.3808995e-04
   1.5186727e-04
   4.3293071e-05
   1.0455484e-04
   5.0555112e-04
