   1.4035613e-07
   1.4997419e-07
   1.1906892e-02
   1.5711425e-07
   3.3219692e-07
   3.2866029e-07
   2.0342418e-07
   2.0717945e-07
   1.6760812e-07
   1.6596235e-07
   3.3281048e-07
   2.7450586e-07
   2.7235394e-07
   2.9241139e-02
   1.1906884e-02
   7.4966493e-08
   6.4652922e-08
   1.5996154e-02
   7.1682429e-08
   4.4877076e-07
   2.4326949e-07
   6.9494612e-07
   5.2887737e-07
   2.9241142e-02
   1.3259178e-06
   7.1191362e-07
   5.3001484e-07
   2.9804080e-01
   8.3456795e-07
   4.3438704e-07
   1.9845229e-07
   1.9137128e-07
   1.6086925e-07
   6.8772767e-08
   1.0726621e-07
   1.2884648e-07
   3.9218981e-07
   1.7119321e-07
   1.7884528e-07
   3.9528187e-02
   9.9998583e-01
   3.9528217e-02
   3.9528209e-02
   6.8002243e-08
   1.4035613e-07
   1.0726621e-07
   8.7639271e-08
   7.0089810e-08
   1.2296769e-07
   1.8531144e-07
   1.0217280e-07
   5.4258472e-07
   1.0995909e-07
   8.3132035e-08
   9.9624883e-08
   2.0786049e-07
   1.0003830e-07
   4.4281148e-06
   1.0003830e-07
   8.1146256e-08
   8.1908987e-08
   1.0146779e-07
   3.4210411e-07
   3.4210411e-07
   3.4210411e-07
   3.4210411e-07
   1.0686931e-07
   5.0365137e-02
   5.5212658e-02
   1.5641626e-07
   1.7714901e-07
   4.3814087e-02
   1.3077430e-01
   8.4384275e-08
   2.4196746e-07
   1.8740360e-07
   3.3354031e-07
   9.9999859e-01
   9.0065962e-08
   4.8351079e-07
   6.3838075e-07
   5.1817703e-07
   6.5440602e-08
   2.4764667e-07
   6.2613834e-07
   4.8351079e-07
   2.2268383e-07
   6.0926056e-08
   5.0498131e-08
   5.8792741e-08
   5.6692432e-08
   1.8831216e-07
   1.1678036e-07
   3.1749049e-07
   6.8488884e-02
   7.3942852e-04
   9.9999979e-01
   7.8127307e-07
   9.9999982e-01
   9.9999985e-01
   9.9999984e-01
   9.9999960e-01
   9.9999983e-01
   9.9999986e-01
   9.9999978e-01
   9.9999984e-01
   2.6303419e-07
   2.6303419e-07
   2.6303419e-07
   3.2869968e-07
   2.8174754e-06
   3.1503782e-07
   9.0341196e-08
   4.8519661e-07
   4.8519661e-07
   1.0502134e-07
   5.5680506e-07
   6.4990497e-08
   1.4133427e-07
   1.4133427e-07
   1.4218353e-07
   9.9999964e-01
   1.4218353e-07
   6.6387260e-01
   1.3111040e-07
   1.0475855e-07
   2.2719948e-07
   2.2697948e-07
   7.2267385e-08
   1.5809995e-07
   1.5956933e-07
   1.4935410e-07
   6.6962875e-01
   1.7408484e-07
   9.0121322e-01
   7.1247620e-08
   1.7408484e-07
   1.2095522e-07
   4.2123258e-07
   6.5464040e-06
   8.4099060e-07
   8.4081924e-07
   4.7185351e-01
   2.6303419e-07
   5.6729329e-07
   1.2429892e-07
   8.8376316e-07
   9.6648009e-08
   2.6485267e-07
   8.1900805e-08
   8.1106982e-08
   8.3134283e-08
   8.3134283e-08
   9.5067520e-08
   4.1866724e-07
   9.5067520e-08
   1.5771950e-07
   3.4083477e-07
   6.0427072e-07
   3.4059674e-07
   3.4083477e-07
   6.2815486e-08
   5.1356032e-07
   6.1083717e-01
   7.1027960e-07
   2.7501394e-07
   9.0405647e-01
   2.8194243e-07
   8.7706902e-02
   3.0347556e-07
   3.0347556e-07
   7.0786462e-08
   2.6303419e-07
   8.8658372e-08
   6.0053224e-07
   8.8658372e-08
   1.2977812e-07
   1.1828378e-07
   1.1826697e-07
   1.1826697e-07
   1.4008118e-07
   1.4008118e-07
   6.9300783e-04
   1.1233104e-07
   5.0877831e-07
   8.0703307e-08
   2.5671589e-07
   9.9187290e-08
   1.1914417e-07
   1.4225131e-07
   1.4352594e-07
   5.9672594e-08
   2.8754036e-07
   1.9690499e-07
   5.6471437e-08
   3.3215541e-07
   1.4035613e-07
   2.6303419e-07
   3.8557661e-07
   1.9052557e-06
   3.4417930e-07
   4.5149311e-07
   3.4417930e-07
   9.9999927e-01
   6.6701489e-08
   1.7818010e-07
   9.5294221e-08
   7.9611262e-01
   7.6205472e-08
   1.8290265e-07
   1.0748435e-07
   2.0954831e-07
   2.0954831e-07
   1.0748435e-07
   9.0122121e-08
   5.5223785e-07
   1.5188954e-07
   9.9999971e-01
   6.9810102e-02
   7.4929919e-01
   2.5475717e-07
   4.6144204e-07
   1.4498415e-06
   2.0419171e-07
   1.8980387e-01
   2.2799851e-07
   5.6169841e-07
   1.5561782e-07
   1.4714638e-07
   1.3326090e-01
   1.3326050e-01
   1.3326066e-01
   1.3326074e-01
   1.2760027e-07
   5.6714352e-01
   7.3752364e-08
   8.3049118e-08
   9.5864764e-08
   9.9999980e-01
   9.4450025e-08
   1.8705001e-07
   9.9999965e-01
   7.1682429e-08
   9.8571188e-04
   9.4450025e-08
   7.5107364e-02
   1.1906877e-02
   1.2117992e-01
   1.1308905e-07
   1.3330252e-07
   2.1611213e-07
   9.9999980e-01
   3.2002089e-07
   1.7924980e-01
   1.3268142e-07
   3.5633891e-07
   1.4760929e-07
   1.3268142e-07
   1.4035613e-07
   7.1141960e-08
   4.1214313e-07
   1.8432021e-07
   1.2259616e-07
   4.3940376e-07
   2.1339802e-07
   9.6033729e-08
   1.5431313e-07
   1.7454633e-07
   1.0879951e-07
   1.0879951e-07
   3.0076409e-07
   1.0879951e-07
   2.0717945e-07
   1.8577774e-07
   8.3504261e-08
   3.7825612e-02
   3.4807952e-02
   2.0298456e-07
   9.9999958e-01
   9.9999853e-01
   9.9999965e-01
   6.3887132e-01
   8.6329935e-01
   9.9999970e-01
   3.3037808e-07
   1.3440338e-06
   4.0286309e-07
   2.3355029e-07
   6.2887973e-07
   6.9810102e-02
   6.9810102e-02
   8.0284413e-07
   2.5177614e-07
   2.5177614e-07
   2.5177614e-07
   8.0284413e-07
   8.0284413e-07
   2.5177614e-07
   9.0807109e-08
   3.2866029e-07
   2.3649903e-07
   1.6710569e-07
   3.8682635e-07
   3.8703919e-07
   1.5702258e-07
   6.0602096e-02
   3.8682635e-07
   6.0602071e-02
   1.2117381e-01
   1.3973878e-03
   1.5641626e-07
   1.2117814e-01
   1.3973878e-03
   7.0302193e-08
   1.6298974e-07
   1.5464289e-07
   2.3528784e-07
   1.8195748e-07
   1.1022413e-07
   5.1297021e-01
   1.1825542e-07
   9.5087384e-08
   7.0078192e-08
   9.9999925e-01
   5.1127377e-08
   5.7487235e-08
   3.2869968e-07
   3.7949265e-01
   9.7512559e-07
   1.1065840e-07
   2.1866928e-01
   2.4290056e-07
   2.3274030e-07
   6.0236907e-02
   2.6143327e-07
   1.4426009e-07
   9.5202611e-08
   3.7949265e-01
   9.3674058e-08
   4.0406124e-07
   1.0167418e-07
   1.0167418e-07
   3.3847801e-07
   2.1052712e-07
   2.7379281e-07
   2.1052712e-07
   2.5279421e-07
   2.5279421e-07
   2.5279421e-07
   1.8929632e-07
   2.2308588e-07
   1.8929632e-07
   1.1044361e-07
   2.6015066e-07
   8.5232061e-08
   6.0539971e-08
   1.1869431e-07
   1.0764553e-07
   2.0138396e-07
   1.0764553e-07
   2.0138396e-07
   1.6698652e-07
   1.8065460e-07
   1.1557767e-07
   9.9999885e-01
   3.0690222e-07
   7.9828813e-01
   7.9720371e-08
   1.2143198e-06
   9.9999963e-01
   1.4593953e-05
   2.3873376e-07
   9.9999945e-01
   9.9999971e-01
   9.9999987e-01
   1.9419083e-06
   3.7446082e-07
   9.9999980e-01
   7.5970938e-01
   5.0205081e-07
   2.5901129e-01
   1.3480105e-05
   5.4106884e-03
   2.1522329e-07
   4.5241683e-01
   9.9128246e-08
   9.9999980e-01
   1.4192336e-01
   9.9999956e-01
   9.9999981e-01
   4.5180611e-01
   1.3268833e-06
   9.9999932e-01
   9.9999984e-01
   4.5241683e-01
   4.5241683e-01
   9.9999975e-01
   9.9999971e-01
   9.9999971e-01
   3.8469219e-01
   3.4901318e-01
   1.9086277e-06
   9.9999644e-01
   5.5056634e-02
   7.5441896e-08
   1.3267200e-06
   2.7881313e-01
   8.7610386e-08
   9.9999977e-01
   9.9999964e-01
   9.9999982e-01
   7.2495107e-08
   1.1509553e-06
   9.9999948e-01
   3.0565943e-01
   1.3227937e-01
   2.4838688e-07
   1.4746899e-01
   3.4695287e-07
   9.9999959e-01
   2.7990987e-01
   9.9999978e-01
   1.5644963e-07
   5.5907802e-07
   4.1226992e-07
   7.4410064e-08
   7.9829024e-01
   1.6215111e-07
   2.2349527e-07
   9.9128246e-08
   3.5312303e-07
   6.0587604e-02
   9.9999981e-01
   3.5094075e-07
   1.0217890e-06
   9.9999975e-01
   1.2610122e-01
   4.2383712e-01
   5.7299594e-08
   8.3409484e-07
   2.9655500e-06
   3.0193167e-07
   1.5409773e-01
   9.7918447e-07
   1.9053206e-07
   5.0205081e-07
   1.5136142e-06
   1.6051740e-06
   3.1207995e-07
   9.9999964e-01
   9.9999964e-01
   9.9999964e-01
   1.1708624e-07
   9.9999964e-01
   4.5181107e-01
   9.9999964e-01
   1.1694872e-07
   7.7466537e-07
   6.5092437e-08
   7.0879404e-07
   7.2124944e-07
   5.9037699e-07
   2.9689650e-07
   4.6986792e-07
   8.2135117e-01
   1.6514501e-06
   1.9597958e-07
   1.2081558e-06
   3.8544282e-06
   8.1416358e-07
   3.0338063e-06
   3.2429486e-03
   9.3019071e-07
   6.5077345e-07
   3.9510067e-07
   4.0350758e-07
   5.6233089e-07
   2.5113271e-07
   6.9466146e-07
   1.9744683e-07
   3.0543691e-07
   3.7195669e-07
   6.9466146e-07
   2.5352582e-07
   9.3019071e-07
   3.9510067e-07
   2.9672263e-07
   1.9622464e-07
   2.8544670e-06
   2.9104015e-07
   9.9303289e-07
   7.3344539e-07
   9.9999696e-01
   8.1416358e-07
   6.9466146e-07
   2.8435006e-01
   3.2328174e-06
   3.5873029e-07
   3.3423702e-07
   5.2356062e-07
   7.1196981e-07
   3.1980027e-07
   5.6168266e-07
   3.7681129e-07
   6.5025730e-07
   3.6682985e-02
   7.6692243e-07
   1.0259725e-01
   5.7326676e-07
   1.9763554e-07
   4.6458871e-07
   6.1994021e-07
   1.1461185e-02
   6.0571586e-07
   5.1121761e-07
   4.6560832e-07
   5.5519309e-07
   9.3019071e-07
   9.9999959e-01
   4.3264366e-07
   5.3527985e-07
   1.2269939e-06
   6.1865193e-07
   9.1177672e-07
   2.9600296e-07
   1.2593145e-06
   2.4463484e-01
   5.5519309e-07
   1.1145512e-06
   2.7547256e-07
   1.6533231e-06
   2.2784266e-07
   5.2477937e-07
   7.6251713e-07
   3.6900053e-07
   3.2412723e-07
   7.7737761e-07
   4.2991876e-07
   4.1984068e-07
   4.5753264e-07
   6.0084667e-07
   2.9008072e-06
   2.5900020e-07
   3.9163178e-07
   6.5077345e-07
   4.3571837e-07
   3.9769664e-07
   2.2819387e-07
   2.1219690e-07
   2.0732779e-07
   3.1086717e-06
   4.8418980e-07
   4.9683951e-01
   6.5077345e-07
   1.0872632e-06
   2.1783327e-07
   4.8011666e-02
   1.0458842e-06
   3.9510067e-07
   9.9999487e-01
   6.2898983e-02
   6.2993015e-07
   1.9112635e-07
   1.5669006e-07
   2.1924673e-07
   2.9469440e-07
   3.4164104e-07
   9.9999804e-01
   2.2598942e-07
   3.2035426e-07
   2.5142643e-07
   7.7161280e-07
   2.2241047e-07
   9.3019071e-07
   8.1658714e-07
   2.2765914e-07
   6.9466146e-07
   6.0665440e-07
   4.3776013e-07
   5.8531866e-07
   5.3310423e-07
   2.7920565e-07
   3.2328174e-06
   3.3014032e-07
   1.8410335e-06
   4.3689285e-07
   2.1150705e-07
   3.5804167e-07
   9.9408385e-07
   9.9999956e-01
   7.7161280e-07
   2.4242127e-07
   2.1924673e-07
   5.8641081e-07
   7.2284288e-02
   9.3666995e-07
   6.2993015e-07
   3.0338063e-06
   2.6400516e-07
   2.7781721e-07
   5.0878198e-07
   3.2328174e-06
   7.3937321e-07
   4.8713803e-02
   2.8237871e-07
   4.6339177e-07
   3.2328174e-06
   2.5937118e-07
   3.9769664e-07
   1.7286925e-06
   4.4623672e-07
   2.0520905e-07
   9.3228187e-07
   1.3565935e-06
   5.3310423e-07
   2.2751764e-07
   1.9736564e-07
   4.5741558e-01
   2.5667071e-07
   5.3310423e-07
   5.0871922e-07
   2.3491711e-07
   1.1019027e-06
   3.9334188e-01
   1.2828528e-06
   6.1865193e-07
   2.8159983e-07
   6.0727562e-07
   6.5077345e-07
   1.8607376e-07
   3.3964213e-07
   2.0715949e-07
   4.3776013e-07
   3.3646637e-07
   4.6357910e-07
   5.1913879e-07
   2.5113087e-07
   2.7811277e-07
   4.0648446e-07
   5.5519309e-07
   4.8826548e-07
   8.8902153e-07
   3.6416951e-01
   4.8502164e-07
   3.1059672e-06
   7.2451636e-07
   2.7316759e-07
   6.5077345e-07
   8.0418389e-07
   2.0977145e-07
   7.0701975e-07
   7.7161280e-07
   5.3310423e-07
   2.3480380e-07
   5.1913879e-07
   2.3042252e-06
   5.0878198e-07
   9.9089728e-01
   3.8887255e-01
   5.2487214e-07
   4.4998023e-07
   6.0665440e-07
   2.7029594e-07
   5.3310423e-07
   8.8902153e-07
   3.4172635e-07
   4.9155423e-07
   1.7286925e-06
   4.2526188e-07
   8.1515297e-07
   5.0878198e-07
   2.6539456e-02
   1.4475211e-01
   5.2529647e-07
   7.2187479e-07
   2.7063045e-07
   5.3310423e-07
   7.3937321e-07
   9.3019071e-07
   6.9466146e-07
   4.1506717e-07
   5.0496818e-07
   5.8268494e-07
   2.9053746e-07
   3.9420254e-07
   1.8143576e-07
   4.7020138e-07
   2.5565307e-07
   6.0818811e-07
   4.0846257e-07
   5.1913879e-07
   1.2285002e-06
   1.7286925e-06
   7.0084548e-07
   6.1180918e-07
   6.9783191e-07
   1.2758050e-06
   4.8977685e-03
   5.1913879e-07
   3.1009601e-02
   9.1484090e-07
   3.5535361e-07
   7.7164249e-01
   5.0878198e-07
   1.2992977e-06
   5.0865617e-07
   3.8287427e-07
   3.6228112e-07
   3.4882861e-07
   2.7029594e-07
   1.7122736e-02
   7.3937321e-07
   5.0878198e-07
   1.2504611e-06
   9.8326897e-07
   2.5565307e-07
   8.0249122e-07
   3.6663924e-07
   6.1290478e-07
   6.2707200e-07
   1.7286925e-06
   3.6832815e-07
   2.0818063e-07
   9.3019071e-07
   5.4750397e-07
   2.7074105e-07
   5.0865617e-07
   3.1924687e-07
   9.9999489e-01
   7.2451636e-07
   5.3310423e-07
   6.3447681e-07
   1.0665891e-06
   7.7924213e-01
   2.0807459e-07
   4.8189493e-07
   6.0666068e-07
   6.0534571e-07
   1.4150037e-02
   1.4550766e-07
   6.0665440e-07
   9.9999987e-01
   8.8902153e-07
   5.2145599e-07
   5.3310423e-07
   6.5728580e-02
   8.6987674e-02
   4.9914478e-07
   6.2372740e-07
   6.0665440e-07
   5.1252632e-07
   2.1057142e-01
   7.3188992e-07
   6.3447681e-07
   5.1913879e-07
   5.2853402e-07
   6.9466146e-07
   2.1030067e-07
   6.6675864e-07
   2.3792554e-07
   6.6673475e-07
   8.3329065e-07
   6.0665440e-07
   1.5568229e-01
   9.3019071e-07
   5.5067259e-07
   1.0745139e-02
   7.0447416e-05
   6.9466146e-07
   2.1351233e-07
   3.1814178e-07
   3.2681066e-07
   7.2451636e-07
   5.2640000e-07
   2.3998596e-06
   6.9094345e-07
   1.0810183e-06
   6.0199002e-07
   7.5947448e-01
   2.3295152e-02
   9.3019071e-07
   2.7127997e-07
   6.9466146e-07
   3.3578659e-06
   2.4606759e-07
   1.0228942e-06
   6.9466146e-07
   9.3019071e-07
   2.7048414e-07
   2.7596145e-07
   9.0649737e-07
   5.3255825e-07
   4.8614073e-07
   7.3945687e-07
   4.7262136e-07
   1.9432330e-06
   6.9816545e-07
   2.9011561e-07
   2.1137146e-07
   2.6631228e-07
   2.6976845e-06
   6.0882155e-07
   4.8418980e-07
   3.1096155e-07
   3.3613492e-07
   6.5559071e-07
   6.6796877e-07
   8.9573980e-07
   3.9510067e-07
   2.7696263e-07
   1.7469712e-06
   6.8512224e-07
   1.2484055e-01
   9.9274299e-07
   1.6517119e-06
   2.3005476e-01
   2.2514771e-07
   1.4629587e-06
   3.3105462e-07
   6.9466146e-07
   6.0594867e-07
   2.7596145e-07
   1.1254283e-06
   9.8365164e-06
   2.4632005e-07
   6.0665440e-07
   2.7320421e-07
   2.7920764e-07
   3.5782422e-07
   6.1200752e-01
   5.8113674e-07
   2.7953170e-07
   1.1005770e-01
   2.7432970e-07
   6.2314170e-07
   7.2451636e-07
   6.9466146e-07
   7.2566918e-07
   1.7469712e-06
   2.5919285e-07
   7.2451636e-07
   5.5851619e-07
   1.7970502e-04
   7.2595462e-02
   2.8024263e-07
   6.5317072e-07
   3.4438545e-06
   2.7920764e-07
   1.8419376e-07
   1.9842774e-05
   5.5359458e-07
   7.2595462e-02
   2.8753675e-07
   5.2151489e-07
   2.5614548e-07
   3.8313823e-01
   7.1024779e-07
   5.9889913e-07
   1.5629681e-02
   3.4737119e-06
   9.3019071e-07
   2.5552667e-02
   6.0665440e-07
   5.3065556e-07
   2.5614548e-07
   3.4045240e-07
   5.3310423e-07
   8.5180606e-07
   2.1824080e-07
   9.1735533e-07
   5.3310423e-07
   4.6967501e-07
   3.9510067e-07
   2.6718970e-07
   2.9909589e-07
   3.2307795e-06
   1.0184722e-06
   4.3525310e-07
   2.8778436e-07
   8.3768845e-07
   1.8492497e-06
   7.2098679e-07
   5.9673989e-07
   6.0270796e-07
   2.5614548e-07
   1.9170523e-07
   1.9071736e-07
   6.0783981e-07
   1.1641250e-06
   2.9322111e-07
   1.0534324e-06
   3.2393139e-06
   5.4424658e-01
   9.3019071e-07
   4.9222789e-07
   2.5587049e-07
   5.0544573e-07
   3.1417674e-07
   5.9889913e-07
   2.7376682e-07
   4.8573261e-07
   8.5438801e-02
   2.9697551e-07
   1.1582579e-06
   2.9916977e-07
   4.5055903e-07
   1.0591025e-06
   4.8260028e-07
   1.0831052e-06
   9.3019071e-07
   7.2098679e-07
   2.5060469e-07
   1.9843708e-07
   6.8006392e-07
   6.9816545e-07
   8.3541112e-07
   7.2098679e-07
   2.3296438e-07
   1.7714356e-01
   3.8252311e-07
   2.5815509e-07
   4.3475875e-07
   2.3296438e-07
   7.2098679e-07
   8.7668862e-07
   7.2595462e-02
   7.5260656e-01
   2.3891986e-07
   2.8314658e-07
   2.2596558e-07
   1.7469712e-06
   3.9510067e-07
   8.5250046e-07
   4.0828206e-07
   1.0295342e-01
   7.9352438e-07
   2.8590113e-07
   1.6053847e-01
   5.3384975e-07
   7.2190481e-07
   6.8006392e-07
   7.3870621e-07
   1.0202297e-06
   2.9061054e-07
   2.3498341e-07
   9.4831904e-08
   4.0853825e-06
   1.7107379e-06
   2.7839922e-07
   2.9144090e-07
   7.0409387e-07
   8.5180606e-07
   7.2595462e-02
   3.8252311e-07
   5.2258647e-01
   4.1506717e-07
   7.0767743e-07
   4.3633064e-07
   7.2098679e-07
   5.2399612e-07
   9.3019071e-07
   5.0504826e-07
   9.1254113e-01
   8.1224952e-07
   6.5845705e-07
   1.0488720e-06
   7.0767743e-07
   2.7267650e-01
   5.0743574e-07
   5.3310423e-07
   9.6552825e-07
   3.9318589e-07
   1.6902651e-07
   2.7920764e-07
   7.5526872e-06
   7.0767743e-07
   9.3019071e-07
   3.0079191e-07
   4.3163924e-07
   4.0895679e-07
   2.5614548e-07
   5.0544573e-07
   8.1009953e-07
   7.5526872e-06
   1.6723811e-06
   3.8273098e-07
   2.4253150e-07
   5.3310423e-07
   6.1865193e-07
   1.6287158e-07
   5.7948414e-07
   5.0743574e-07
   1.1703582e-06
   5.2151489e-07
   3.7263533e-07
   9.0330844e-07
   2.7920764e-07
   5.0684276e-07
   3.0338063e-06
   2.4562873e-06
   3.5426387e-06
   5.7948414e-07
   6.0595720e-07
   4.8913906e-07
   7.0767743e-07
   2.5614548e-07
   5.0376677e-07
   7.0767743e-07
   1.9481980e-07
   1.7415441e-01
   7.2277558e-07
   2.6213108e-04
   3.0051991e-07
   3.0354516e-07
   6.0595720e-07
   1.2133899e-06
   6.7751088e-07
   5.9814967e-07
   1.2926037e-06
   7.3018422e-07
   6.8006392e-07
   4.5725288e-07
   5.9342813e-07
   3.9011041e-07
   1.6484727e-07
   4.5028426e-07
   1.9500218e-06
   1.0244827e-06
   1.6484727e-07
   9.2671455e-01
   6.1865193e-07
   1.2926037e-06
   2.8920531e-07
   4.9222789e-07
   7.0767743e-07
   4.1403572e-07
   3.7971370e-07
   1.9423022e-07
   1.0686649e-06
   6.1865193e-07
   4.5127458e-07
   3.5056910e-07
   7.8325301e-01
   1.4630954e-06
   6.4072720e-07
   3.6068625e-07
   1.8116545e-07
   6.5691892e-07
   2.2101327e-05
   2.5855387e-07
   1.8183510e-07
   2.6692456e-07
   2.3296438e-07
   1.0221220e-06
   1.4755861e-05
   6.0595720e-07
   7.0767743e-07
   2.6711095e-07
   2.6819498e-07
   7.0767743e-07
   5.3630342e-07
   5.2407424e-07
   1.8270840e-06
   2.6819498e-07
   1.6484727e-07
   1.6646471e-06
   8.5321429e-07
   1.5507080e-06
   5.6416049e-07
   2.7005583e-06
   7.0084548e-07
   3.5860817e-06
   1.0082252e-05
   4.8614073e-07
   4.7316294e-07
   6.0595720e-07
   4.8031014e-06
   7.0767743e-07
   3.6400676e-07
   5.0684276e-07
   6.6716062e-07
   3.3398758e-07
   3.6844072e-02
   9.9999811e-01
   5.5707539e-07
   8.1174931e-07
   6.6678775e-07
   2.2552953e-07
   5.3915620e-07
   4.8934729e-07
   7.0767743e-07
   1.3523798e-01
   5.8531866e-07
   2.8206302e-07
   1.0469727e-01
   4.9222789e-07
   4.0409380e-07
   2.2824300e-07
   4.1934181e-07
   5.8809594e-07
   1.1702294e-01
   2.2279731e-07
   4.8418980e-07
   1.0686649e-06
   5.2346967e-07
   6.7354860e-07
   7.7447803e-07
   3.0311071e-06
   4.2488402e-02
   1.4777451e-06
   4.1399847e-07
   6.1534294e-06
   6.7354023e-07
   4.7316294e-07
   4.6854754e-01
   3.0644570e-07
   5.1913879e-07
   7.1485011e-02
   2.9008128e-06
   2.5384357e-07
   4.1934181e-07
   2.5560253e-06
   2.9121263e-07
   1.5782993e-01
   9.9999809e-01
   2.2114926e-02
   3.9909671e-02
   7.0767743e-07
   4.2729458e-07
   2.3408600e-07
   4.5870612e-07
   2.5384357e-07
   3.2814750e-06
   5.4354977e-07
   2.1955782e-01
   7.1237405e-07
   7.0767743e-07
   4.3714479e-07
   2.5384357e-07
   5.0743574e-07
   8.1845192e-07
   6.7354860e-07
   4.4181777e-07
   6.2906186e-07
   4.5833931e-07
   4.1554377e-07
   3.1692201e-07
   5.5805848e-07
   7.0412018e-07
   7.6752428e-07
   6.7211105e-07
   6.6835122e-02
   5.1913879e-07
   2.5384357e-07
   2.5467783e-07
   4.6200975e-07
   7.1237405e-07
   7.3802084e-07
   5.0743574e-07
   3.2380468e-07
   4.7541980e-07
   1.5324936e-01
   2.9084698e-07
   6.5372945e-07
   2.3594930e-07
   5.0743574e-07
   2.2787470e-06
   1.2897236e-06
   4.1934181e-07
   5.7773630e-07
   2.3595543e-07
   1.9842774e-05
   5.1913879e-07
   5.3310423e-07
   3.8702263e-07
   4.5700906e-07
   4.1934181e-07
   5.7773630e-07
   7.1785672e-07
   4.5789502e-07
   4.3698897e-07
   5.8316138e-07
   4.1934181e-07
   5.7773630e-07
   2.1814375e-07
   5.0743574e-07
   5.0253959e-07
   5.7773630e-07
   8.8566357e-08
   8.1658714e-07
   1.1790236e-06
   2.4738623e-07
   1.9842774e-05
   5.0743574e-07
   2.5384357e-07
   1.1391160e-06
   2.5398449e-07
   4.7316294e-07
   7.4840187e-07
   1.1076685e-07
   1.9842774e-05
   2.8840941e-07
   7.0767743e-07
   2.0345349e-06
   2.5895718e-07
   5.7773630e-07
   1.4777451e-06
   2.5384357e-07
   7.0767743e-07
   5.0743574e-07
   4.8754021e-07
   1.9190596e-01
   2.5384357e-07
   4.3729238e-07
   3.3119552e-07
   2.7771558e-07
   4.2491222e-07
   9.3019071e-07
   5.3630342e-07
   3.0650853e-07
   6.0230452e-07
   1.1225437e-07
   3.7263533e-07
   1.1305300e-06
   5.0743574e-07
   9.3019071e-07
   4.5894411e-07
   5.7568470e-07
   7.2734760e-07
   4.1285262e-02
   2.5384357e-07
   8.0519118e-06
   5.7432673e-07
   4.5944269e-07
   5.0743574e-07
   4.9111657e-07
   3.7929405e-07
   6.6835122e-02
   3.4523208e-07
   4.5944269e-07
   4.0249978e-07
   4.2491222e-07
   7.0767743e-07
   5.7149016e-07
   4.7316294e-07
   4.1934181e-07
   2.6448286e-07
   4.9470071e-07
   2.5384357e-07
   1.0968011e-07
   4.5798695e-07
   9.3019071e-07
   1.1395844e-06
   7.7847738e-02
   2.1955782e-01
   2.3481758e-07
   7.2451636e-07
   6.0582981e-07
   3.8252311e-07
   8.0819936e-07
   3.8985310e-07
   2.5895718e-07
   4.5786102e-07
   4.1934181e-07
   2.7079899e-07
   2.5703202e-07
   2.5384357e-07
   4.4992749e-07
   1.1978597e-06
   3.6604555e-07
   7.9015399e-07
   4.3729238e-07
   5.0743574e-07
   3.6228112e-07
   2.8631922e-07
   7.0767743e-07
   6.0582981e-07
   5.0743574e-07
   1.1076685e-07
   2.4502094e-06
   5.3459517e-07
   5.7671242e-07
   9.3019071e-07
   7.7761398e-02
   3.0354516e-07
   4.7316294e-07
   2.5384357e-07
   4.2040803e-07
   5.7773630e-07
   7.0767743e-07
   4.3429472e-07
   4.1934181e-07
   2.5384357e-07
   6.0107317e-07
   7.2100633e-07
   1.9842774e-05
   5.0743574e-07
   2.9324144e-07
   1.9842774e-05
   2.2500834e-06
   9.8585098e-08
   7.0767743e-07
   5.0743574e-07
   3.0256160e-02
   4.7316294e-07
   3.8273098e-07
   2.5289298e-04
   9.3019071e-07
   2.5384357e-07
   5.0197526e-02
   4.0529221e-07
   9.9904446e-07
   1.6266765e-07
   1.4413954e-01
   3.0429783e-06
   2.5384357e-07
   4.9592623e-07
   7.0767743e-07
   4.7316294e-07
   2.8814663e-07
   3.9151112e-07
   9.3019071e-07
   9.9999924e-01
   5.0834658e-07
   1.9200361e-05
   5.0743574e-07
   9.9999443e-01
   4.9592623e-07
   4.3746705e-07
   5.0743574e-07
   3.1555279e-07
   1.9842774e-05
   3.3486094e-06
   5.1354982e-07
   7.0767743e-07
   8.8754609e-07
   3.3133631e-07
   2.5384357e-07
   2.9159710e-07
   2.6290725e-07
   1.7600898e-07
   3.4238100e-07
   2.5937118e-07
   9.7457475e-08
   9.3019071e-07
   5.0743574e-07
   6.9046304e-06
   1.6610253e-02
   1.7799508e-07
   5.1298245e-07
   1.9481980e-07
   4.6578056e-07
   3.0650853e-07
   3.9874575e-06
   3.6817495e-07
   7.2308409e-07
   7.0767743e-07
   1.9481980e-07
   2.8344160e-06
   3.5955947e-07
   2.6077980e-07
   5.2465670e-07
   2.1486200e-07
   5.4138125e-07
   5.1354982e-07
   1.5451328e-06
   1.8122816e-07
   4.2669658e-01
   2.3691496e-04
   8.5470251e-07
   1.3695617e-07
   7.0767743e-07
   3.9993707e-02
   9.3019071e-07
   7.7125119e-01
   1.4166284e-06
   1.3695617e-07
   3.0143069e-03
   3.6298322e-07
   8.1430294e-07
   4.1575578e-07
   3.7263533e-07
   3.9993738e-02
   9.3019071e-07
   2.1652672e-07
   8.8754609e-07
   5.1368132e-07
   2.1724990e-06
   5.0349172e-07
   6.3447681e-07
   4.0390689e-06
   6.6529161e-07
   4.9557756e-07
   1.9501682e-07
   3.7631134e-01
   5.1354982e-07
   3.0828438e-07
   7.0767743e-07
   1.0484681e-07
   2.7572580e-07
   5.0743574e-07
   3.7752161e-07
   1.8114179e-07
   4.5531939e-07
   3.0911438e-07
   3.3835161e-06
   7.0767743e-07
   5.0743574e-07
   3.0354516e-07
   4.5680615e-07
   9.3019071e-07
   6.0052910e-07
   8.8754609e-07
   3.8133475e-07
   3.3168549e-06
   3.0322658e-07
   7.0767743e-07
   3.6053257e-07
   6.9359153e-07
   1.7598406e-07
   2.2896918e-06
   4.5966914e-06
   4.1078407e-07
   1.2269939e-06
   3.8808417e-07
   1.1861088e-06
   6.6529161e-07
   3.7570361e-07
   5.3459517e-07
   2.7054971e-07
   3.5912947e-07
   1.3739217e-06
   5.9155577e-07
   8.5470251e-07
   7.2586153e-07
   5.2128953e-07
   5.4930130e-07
   5.3082751e-07
   3.5930034e-07
   7.0767743e-07
   3.8770584e-07
   1.0875207e-01
   1.9638391e-01
   6.3447681e-07
   8.9876950e-07
   1.0973830e-07
   8.8754609e-07
   4.3163924e-07
   3.0527070e-07
   9.3019071e-07
   3.7368837e-07
   3.1094313e-07
   2.9157505e-06
   1.3739217e-06
   3.6002837e-07
   3.0036281e-07
   7.2586153e-07
   5.3661678e-07
   6.6529161e-07
   8.5470251e-07
   9.9999953e-01
   8.2078535e-07
   1.3739217e-06
   2.4377359e-01
   3.7800428e-07
   7.0767743e-07
   9.9998984e-01
   6.3732350e-07
   1.3739217e-06
   1.6622548e-07
   8.3931696e-07
   6.4340157e-07
   3.2424321e-07
   7.2635781e-07
   7.0346712e-07
   7.0767743e-07
   5.1354982e-07
   9.3019071e-07
   1.5599534e-02
   3.8819969e-07
   2.5384357e-07
   7.0767743e-07
   9.0076384e-07
   3.1843096e-01
   5.9055391e-07
   1.2373330e-07
   2.5384357e-07
   5.2573593e-07
   2.8344160e-06
   9.9999839e-01
   8.2088874e-01
   5.4367786e-02
   4.2540772e-07
   4.0079804e-07
   3.3666045e-06
   1.7784397e-07
   7.2586153e-07
   1.5814769e-07
   8.3931696e-07
   3.1136769e-07
   1.5720539e-06
   7.2595462e-02
   3.8273098e-07
   3.8431193e-06
   7.0767743e-07
   7.6601889e-01
   3.1270587e-07
   3.4287767e-07
   7.2451636e-07
   2.5384357e-07
   3.6298322e-07
   4.8031014e-06
   5.4930130e-07
   6.7010676e-01
   2.0253757e-01
   2.3648326e-06
   6.3670046e-01
   6.3447681e-07
   7.2595462e-02
   1.6025899e-06
   2.9458594e-07
   8.9702296e-07
   3.9865291e-07
   2.3256699e-07
   3.9745802e-07
   2.5384357e-07
   1.7945789e-07
   3.1329503e-04
   5.2084704e-07
   2.2120880e-07
   2.5072976e-07
   6.7027038e-07
   6.4285950e-07
   3.2153855e-07
   1.2043154e-06
   9.3019071e-07
   2.5614548e-07
   5.2422924e-07
   6.9786437e-07
   3.0997784e-07
   1.2815713e-06
   7.5599969e-07
   2.1724990e-06
   6.5487226e-07
   5.3310423e-07
   4.3988232e-07
   5.1343448e-07
   2.7573924e-07
   2.3648326e-06
   6.3447681e-07
   5.3310423e-07
   6.3447681e-07
   4.9959125e-07
   4.2419621e-07
   5.2326902e-07
   2.8307732e-07
   6.6529161e-07
   6.0484335e-07
   3.9653155e-07
   9.2678540e-07
   6.3447681e-07
   1.8007741e-07
   2.9472240e-07
   7.2921372e-07
   4.7207089e-07
   6.3828600e-07
   2.2246768e-01
   1.8662582e-06
   1.7720336e-07
   1.5821075e-06
   1.2230651e-06
   5.9193832e-07
   2.5384357e-07
   3.6557811e-07
   1.1318239e-05
   1.6831514e-07
   8.9702296e-07
   6.5372945e-07
   5.3166899e-07
   8.8769307e-07
   3.1465014e-07
   9.3019071e-07
   3.1009793e-02
   3.7368837e-07
   8.5470251e-07
   1.9712348e-06
   3.9399876e-07
   8.3140638e-07
   4.2592557e-07
   7.7095077e-07
   6.5372945e-07
   2.7328377e-07
   9.3019071e-07
   6.9786437e-07
   2.0430068e-05
   6.8347911e-01
   3.7368837e-07
   2.0896518e-07
   6.5372945e-07
   6.6628884e-07
   3.6766231e-01
   1.0547956e-06
   1.9962509e-01
   2.9150979e-07
   9.3019071e-07
   3.2586666e-07
   7.2482332e-01
   7.0767743e-07
   2.0855178e-01
   8.5470251e-07
   7.0767743e-07
   2.5384357e-07
   3.2047301e-07
   2.2618043e-07
   7.6565815e-01
   2.5869763e-07
   5.3087058e-02
   7.0767743e-07
   5.3556942e-07
   6.5372945e-07
   8.5961118e-07
   5.2733227e-02
   4.3163924e-07
   7.0767743e-07
   4.7630365e-07
   7.2451636e-07
   1.7286925e-06
   2.0948765e-06
   5.3310423e-07
   7.8917639e-07
   3.1666609e-07
   4.9743334e-07
   4.8977644e-03
   9.0544897e-07
   5.3886490e-07
   9.4203677e-07
   9.3019071e-07
   6.9285717e-07
   1.3795613e-06
   3.1695952e-07
   1.2087018e-05
   2.7596145e-07
   7.2451636e-07
   4.5568657e-07
   2.5384357e-07
   5.7131628e-07
   5.3310423e-07
   1.5226151e-01
   5.9337388e-07
   7.0767743e-07
   3.3911232e-06
   5.5131325e-07
   8.8769307e-07
   8.8487491e-07
   6.4385963e-07
   2.9472240e-07
   5.0349808e-07
   3.2804914e-07
   9.9999817e-01
   7.2250946e-06
   5.3310423e-07
   4.7255674e-07
   1.9848070e-07
   5.9571113e-07
   2.9472240e-07
   4.7787039e-07
   2.4176445e-07
   4.6349704e-07
   3.1704754e-06
   6.9778624e-01
   2.4761764e-07
   5.5151959e-07
   4.2705147e-07
   2.7596145e-07
   5.3247543e-07
   3.5942208e-07
   4.8215152e-07
   7.0767743e-07
   2.1044805e-07
   8.5470251e-07
   1.7286925e-06
   5.5271726e-07
   2.6843091e-07
   4.2705147e-07
   3.7064605e-07
   2.9954127e-07
   5.9571113e-07
   1.4929663e-06
   7.0767743e-07
   6.5372945e-07
   2.9280442e-06
   3.1549552e-07
   9.2522567e-07
   7.0767743e-07
   2.7981167e-07
   5.5444664e-07
   7.0767743e-07
   1.5237612e-02
   6.1290250e-07
   6.6796877e-07
   3.7368837e-07
   4.9968029e-07
   2.8007281e-07
   9.3019071e-07
   3.1934463e-01
   4.7787039e-07
   4.9640253e-07
   5.9489359e-07
   6.0159421e-07
   9.3019071e-07
   7.2595462e-02
   3.6089770e-07
   6.0157813e-07
   3.0316496e-06
   4.7787039e-07
   6.5716979e-02
   4.5953960e-06
   5.7773630e-07
   6.0582981e-07
   8.4030977e-07
   7.0767743e-07
   5.2560020e-07
   2.6358383e-07
   3.1195204e-07
   2.7542887e-07
   2.8041652e-07
   2.5895718e-07
   6.5372945e-07
   9.2522567e-07
   6.4534524e-07
   1.2504523e-06
   6.0744104e-07
   2.8352070e-07
   2.5384357e-07
   7.0767743e-07
   2.5471738e-07
   5.9868114e-07
   2.3908566e-07
   4.7787039e-07
   3.0553969e-07
   5.9042840e-07
   9.3019071e-07
   5.8492046e-01
   4.0586988e-07
   1.2945271e-06
   2.2104877e-01
   4.4753609e-07
   2.5444680e-07
   7.0767743e-07
   4.6658801e-07
   2.7596145e-07
   7.0338075e-07
   9.9999846e-01
   6.1693082e-07
   2.9969660e-07
   4.6718539e-07
   2.5444680e-07
   3.1082727e-07
   9.9999902e-01
   7.0767743e-07
   9.2522567e-07
   5.1913879e-07
   2.2727032e-07
   8.1160559e-07
   5.3310423e-07
   2.4134925e-07
   2.3691496e-04
   7.0767743e-07
   1.4715377e-06
   5.3595600e-02
   2.0254755e-02
   9.3019071e-07
   7.0767743e-07
   4.3604433e-07
   9.5276514e-07
   9.6851203e-07
   2.8501695e-07
   1.1585499e-06
   7.6565710e-01
   3.5492725e-07
   2.1974804e-07
   4.2363232e-07
   2.7950890e-07
   4.4199197e-07
   4.6406893e-07
   5.3384975e-07
   1.7286925e-06
   2.8919174e-07
   7.0767743e-07
   9.3019071e-07
   4.2225075e-07
   2.0669160e-07
   7.2595462e-02
   2.9834150e-07
   2.1414044e-01
   9.5220385e-02
   2.3511450e-07
   7.0767743e-07
   4.7787039e-07
   9.0544897e-07
   4.1992680e-07
   9.9999888e-01
   3.0703556e-07
   3.1308711e-02
   3.8100582e-07
   2.6698551e-07
   4.7787039e-07
   4.8227852e-07
   1.1021870e-06
   1.9405253e-07
   1.0732640e-01
   3.3805884e-07
   2.9317370e-06
   4.6507008e-07
   2.2432027e-07
   3.6070948e-01
   3.9295203e-07
   2.1187155e-04
   3.3194993e-07
   6.2107271e-07
   4.7787039e-07
   1.2654150e-06
   4.6507008e-07
   3.5880180e-07
   2.7325219e-07
   9.0453669e-07
   5.3310423e-07
   6.0665440e-07
   9.2522567e-07
   1.9400867e-06
   4.9340127e-07
   1.0307062e-06
   4.6507008e-07
   7.0673635e-01
   1.2610194e-06
   1.6584154e-06
   5.7000641e-07
   5.5846228e-06
   3.4721017e-07
   3.5880180e-07
   9.3019071e-07
   1.0511677e-06
   4.3546137e-07
   2.8759798e-07
   2.3033093e-07
   4.7750441e-07
   4.8275442e-07
   3.8170668e-07
   5.5359458e-07
   5.6416908e-07
   3.8534328e-07
   6.4496795e-07
   1.3742920e-06
   8.6864138e-07
   7.0767743e-07
   3.2426840e-07
   6.0665440e-07
   1.1891028e-07
   2.5261932e-07
   7.0767743e-07
   2.9428577e-07
   7.2595462e-02
   3.3190160e-07
   1.2491285e-06
   2.8225204e-07
   6.0665440e-07
   7.0767743e-07
   9.3019071e-07
   9.2127383e-07
   6.0665440e-07
   9.2994809e-07
   6.5950709e-07
   2.5783206e-07
   6.4496505e-07
   2.8584487e-07
   9.2127383e-07
   8.1458093e-07
   6.3447681e-07
   5.7253572e-07
   6.3598652e-07
   2.6691306e-06
   4.9414387e-07
   2.7736426e-07
   7.1733804e-06
   3.8852876e-07
   5.2676243e-07
   4.8433504e-07
   6.0469027e-07
   4.6507008e-07
   6.4496795e-07
   1.6695766e-06
   4.7486228e-07
   1.6266765e-07
   7.2595462e-02
   1.2269939e-06
   4.2414897e-07
   7.8484105e-03
   3.2269540e-07
   7.6054524e-07
   6.8064045e-07
   7.6333769e-07
   6.8305093e-07
   7.2595462e-02
   7.7161280e-07
   4.5022952e-07
   3.5887853e-07
   1.9235341e-01
   3.7252847e-07
   5.3310423e-07
   3.6228112e-07
   7.8484100e-03
   8.7584640e-07
   3.0689234e-07
   2.9003566e-07
   1.0644451e-06
   3.5622506e-07
   4.8433504e-07
   3.3113635e-07
   7.0767743e-07
   5.5733961e-07
   5.7771843e-07
   4.2013142e-07
   7.4884277e-06
   4.9927876e-07
   4.5628834e-07
   3.0858162e-07
   7.0767743e-07
   4.6507008e-07
   9.3019071e-07
   2.8964723e-07
   7.2595462e-02
   6.4615821e-07
   5.9948198e-07
   3.9352737e-01
   9.2127383e-07
   3.7510089e-07
   1.5939619e-06
   4.6507008e-07
   7.8484083e-03
   3.3248291e-07
   2.8585047e-07
   2.0676057e-07
   1.4202474e-06
   4.6507008e-07
   1.0252723e-06
   5.1736931e-07
   1.3698197e-07
   2.9480084e-07
   2.3060740e-07
   2.5957034e-07
   7.2595462e-02
   7.8484102e-03
   4.7486228e-07
   2.5569640e-07
   3.0344602e-07
   1.2269939e-06
   9.3019071e-07
   7.8484109e-03
   1.6256726e-04
   2.9730167e-07
   2.2781518e-07
   1.7569998e-05
   7.8484097e-03
   2.5033033e-07
   4.9352855e-07
   8.6373236e-07
   3.5686133e-07
   4.6658801e-07
   6.0665440e-07
   1.2775036e-06
   6.4254258e-07
   3.6577890e-07
   7.2595462e-02
   3.7593620e-06
   7.8484099e-03
   3.6068625e-07
   4.3749072e-07
   1.9962640e-01
   9.3019071e-07
   4.9011855e-07
   1.3091527e-06
   3.5654939e-07
   5.2794728e-07
   4.9324729e-07
   3.5108089e-06
   8.6615652e-07
   4.8598439e-07
   2.8807850e-07
   8.1162560e-07
   4.1417524e-07
   4.9714602e-07
   4.5356683e-07
   7.7226041e-07
   1.3554060e-06
   7.2285460e-02
   1.2484055e-01
   1.0739547e-06
   1.1799008e-05
   3.5443269e-07
   4.2991876e-07
   5.3793905e-07
   5.2679730e-07
   3.7173844e-07
   1.8825789e-02
   8.4470231e-01
   7.8484106e-03
   3.8023776e-07
   6.2705191e-07
   3.7170478e-02
   1.2269939e-06
   9.3019071e-07
   9.9999740e-01
   4.3045433e-07
   7.8484102e-03
   8.6009211e-07
   8.6080495e-07
   4.4220311e-07
   3.5108089e-06
   5.9801562e-07
   8.5663504e-07
   2.1382220e-06
   4.6658801e-07
   7.2595462e-02
   2.9314838e-02
   5.6444462e-07
   6.8039225e-07
   4.9959125e-07
   5.3310423e-07
   8.1070445e-06
   9.4760629e-07
   2.2319327e-01
   8.2029312e-07
   8.0458875e-07
   3.0313641e-07
   7.1162691e-07
   1.2269939e-06
   9.7317540e-07
   1.2269939e-06
   3.0047690e-07
   7.8484107e-03
   2.6112765e-07
   3.3299036e-07
   4.4859831e-01
   9.4250186e-07
   8.1158311e-07
   9.9999765e-01
   4.0423940e-07
   7.2451636e-07
   8.9170086e-02
   9.3019071e-07
   5.6593135e-07
   3.4960860e-06
   3.2781728e-07
   2.5855387e-07
   1.2484055e-01
   2.1041392e-06
   3.3019716e-07
   1.0727463e-02
   9.9539668e-07
   3.7321043e-07
   4.8433504e-07
   8.8495788e-07
   8.8271474e-07
   4.8248973e-06
   9.9999869e-01
   2.9686348e-02
   2.7109440e-06
   7.0742803e-07
   4.7249647e-06
   3.3113758e-06
   3.0067063e-07
   2.2857218e-07
   4.3470975e-07
   3.5108089e-06
   1.3819547e-06
   4.8431823e-07
   3.9831796e-07
   5.2794728e-07
   9.3019071e-07
   1.5576974e-02
   4.6507008e-07
   4.9322589e-07
   3.3737708e-07
   1.2863882e-06
   5.2563581e-07
   7.1798753e-07
   2.9656232e-01
   5.3839767e-07
   3.0067063e-07
   6.3057890e-07
   7.7480099e-07
   6.3489894e-06
   4.0249978e-07
   6.8136277e-07
   4.8313364e-07
   5.3839767e-07
   7.2451636e-07
   1.1844235e-02
   5.7000641e-07
   1.4242324e-06
   5.1146022e-07
   6.6000561e-02
   4.6502708e-07
   9.2678540e-07
   5.2794728e-07
   4.6507008e-07
   5.5232331e-07
   2.7573568e-06
   1.2480165e-05
   9.0604791e-07
   5.2794728e-07
   2.2664048e-07
   4.4956313e-07
   6.3407055e-07
   2.7596145e-07
   2.7628089e-07
   5.3310423e-07
   3.0189918e-07
   7.1868240e-07
   5.2794728e-07
   4.6507008e-07
   2.2441109e-07
   4.3610229e-07
   2.8975186e-06
   1.6973766e-06
   4.3567466e-04
   5.9976159e-07
   8.1236541e-07
   4.5809259e-07
   2.1463605e-06
   5.3520338e-07
   9.3019071e-07
   3.8805418e-07
   5.8040561e-07
   4.7649121e-07
   1.2484055e-01
   5.5952735e-07
   1.7272727e-06
   7.0304935e-07
   3.9958291e-07
   9.3019071e-07
   2.7262680e-07
   3.6319310e-07
   6.1973500e-07
   3.5108089e-06
   4.9058337e-07
   3.0200679e-06
   3.3535803e-01
   4.2976444e-01
   2.7262680e-07
   9.9999868e-01
   2.9644377e-07
   7.0767743e-07
   4.6507008e-07
   5.3346427e-07
   4.5628834e-07
   4.2193878e-07
   7.0767743e-07
   2.2306308e-07
   5.3116494e-07
   5.0174800e-07
   5.3872508e-07
   3.4906853e-01
   4.7787039e-07
   9.3019071e-07
   3.6767275e-07
   7.5797776e-07
   9.2467956e-07
   3.1983516e-07
   1.8969498e-07
   3.1029029e-07
   3.3389850e-07
   1.0004299e-06
   2.8794731e-07
   1.0216334e-06
   7.3411256e-07
   2.5919285e-07
   5.0634049e-07
   3.5108089e-06
   6.3502154e-07
   5.2671321e-07
   4.6507008e-07
   3.5108089e-06
   2.7262680e-07
   4.7787039e-07
   5.7948414e-07
   4.8354867e-07
   8.0515439e-07
   4.6507008e-07
   3.4964547e-07
   2.5825671e-07
   7.0767743e-07
   2.7262680e-07
   2.7596145e-07
   5.2671321e-07
   1.8578513e-06
   2.6253632e-07
   4.5628834e-07
   3.5108089e-06
   8.8624381e-06
   5.2671321e-07
   7.2281720e-07
   7.1492375e-01
   1.1358921e-06
   5.2320276e-07
   7.0767743e-07
   3.9359392e-07
   8.8624381e-06
   7.0767743e-07
   5.0917500e-07
   5.9493516e-07
   5.5131325e-07
   7.8681221e-07
   9.0190633e-02
   4.5628834e-07
   4.7676591e-07
   4.6507008e-07
   1.5351019e-07
   5.1146022e-07
   5.1146022e-07
   4.7787039e-07
   4.5620819e-06
   6.8921281e-03
   2.7262680e-07
   7.0767743e-07
   4.6701183e-07
   5.1146022e-07
   2.4692612e-07
   1.9208107e-06
   3.1989432e-06
   2.7262680e-07
   1.6524599e-06
   8.2842103e-06
   7.2252426e-07
   5.5271726e-07
   6.2949969e-07
   2.5328661e-07
   1.7573935e-01
   2.6702203e-07
   4.2490095e-02
   9.6516685e-01
   4.1941407e-07
   4.7207089e-07
   1.9432171e-06
   6.5559071e-07
   6.6615887e-07
   3.1427007e-07
   6.7354860e-07
   4.2924332e-07
   6.7338611e-07
   3.8847143e-07
   3.2612058e-06
   5.3583621e-07
   3.8150308e-07
   5.3556942e-07
   2.7751690e-07
   2.9302163e-07
   2.4958289e-07
   7.2451636e-07
   9.9999890e-01
   3.9042073e-07
   6.0230452e-07
   3.9123434e-07
   6.3447681e-07
   5.4367161e-07
   2.3687944e-07
   7.9624024e-07
   2.6540065e-02
   7.7523014e-07
   6.3447681e-07
   2.9880247e-07
   3.7759608e-07
   4.2868674e-07
   1.9640890e-06
   9.9999964e-01
   4.6525944e-07
   5.0539387e-07
   4.2868674e-07
   3.3575138e-07
   2.5567875e-07
   2.2240826e-07
   5.3310423e-07
   1.9962625e-01
   5.3556942e-07
   5.4930130e-07
   6.7338611e-07
   5.3556942e-07
   3.0692000e-07
   8.5321429e-07
   4.3016282e-07
   2.2508601e-07
   5.3583621e-07
   1.1210613e-06
   3.7449417e-02
   3.4890272e-07
   4.4679202e-07
   1.4034326e-06
   2.5667162e-07
   5.3556942e-07
   2.6119963e-07
   6.0084667e-07
   1.9081771e-07
   2.6652339e-07
   5.0801307e-07
   2.8348288e-07
   4.6020290e-07
   3.7449582e-02
   1.2316373e-06
   2.1309084e-07
   5.0788681e-07
   3.0845480e-07
   4.6190493e-07
   5.0059365e-06
   8.6515147e-01
   8.1919564e-07
   5.0801307e-07
   2.1073778e-07
   6.8860080e-06
   3.3534376e-01
   5.3377792e-07
   5.0801307e-07
   4.3558952e-07
   5.7649921e-07
   3.0637170e-07
   6.3447681e-07
   7.1467278e-07
   2.2052573e-07
   5.0543647e-07
   1.4922070e-06
   6.5835858e-07
   7.1467278e-07
   4.3610229e-07
   4.6485157e-07
   5.3556942e-07
   4.2924332e-07
   2.9756601e-02
   4.7524460e-07
   6.3447681e-07
   2.5553765e-02
   1.1704234e-06
   2.7690894e-07
   3.4349142e-07
   4.0363431e-07
   1.0581496e-07
   4.4684724e-04
   1.4150082e-02
   2.7690894e-07
   1.2101460e-07
   6.8860080e-06
   3.1243810e-07
   2.3296438e-07
   2.3484707e-07
   3.9034507e-07
   2.7690894e-07
   6.0728105e-07
   9.9999964e-01
   9.9999959e-01
   1.3372438e-06
   3.0280029e-07
   3.2849098e-04
   6.0647862e-07
   2.1541882e-06
   2.2298653e-07
   4.5771669e-07
   4.4465382e-07
   5.5795724e-07
   7.1467278e-07
   3.8516522e-07
   8.9224429e-08
   1.0745160e-02
   7.7397267e-03
   6.3447681e-07
   5.7069488e-07
   3.2070755e-06
   3.8835786e-07
   5.3016764e-07
   5.0078572e-07
   4.3215346e-07
   2.2558130e-07
   5.9841238e-07
   1.4404448e-06
   2.1951445e-07
   2.5900020e-07
   3.4223919e-07
   2.8921751e-07
   6.1872259e-07
   1.0351133e-06
   3.0276786e-07
   2.8348288e-07
   3.8206412e-07
   3.9971576e-07
   5.1409083e-07
   2.4894682e-07
   1.3998863e-06
   4.7235518e-07
   1.0106037e-06
   2.2070698e-07
   8.8769307e-07
   5.5016684e-07
   5.0590697e-07
   6.7722679e-07
   5.3310423e-07
   1.2269939e-06
   6.6967482e-07
   5.3310423e-07
   1.0106037e-06
   7.2451636e-07
   3.0998312e-06
   5.0375200e-07
   1.4387705e-06
   3.0953190e-07
   8.8769307e-07
   4.5771669e-07
   3.8474637e-07
   4.6221369e-07
   2.5155125e-07
   4.2652737e-02
   2.8857403e-07
   2.5900020e-07
   3.8544282e-06
   2.2951628e-07
   3.5485308e-07
   1.0106037e-06
   3.4240810e-06
   1.4425360e-06
   5.7649921e-07
   1.8919963e-06
   2.7690894e-07
   1.0106037e-06
   2.5737906e-07
   8.7660570e-07
   5.4863601e-07
   3.0425966e-07
   4.6602110e-01
   2.7690894e-07
   3.6324884e-07
   3.0052595e-06
   2.4809953e-06
   2.3555667e-02
   5.5130278e-07
   2.2416873e-07
   3.1044984e-07
   2.7690894e-07
   4.4198408e-07
   1.6997081e-06
   2.7256955e-07
   2.2064656e-07
   9.9999923e-01
   3.7196624e-03
   3.1604095e-07
   3.1441811e-07
   9.3568974e-07
   2.0741565e-06
   3.4129594e-07
   2.2951628e-07
   5.1188156e-07
   5.0038880e-07
   7.6331706e-02
   4.2068391e-07
   5.5130278e-07
   3.2648198e-07
   3.7196623e-03
   4.0784011e-07
   4.1930407e-07
   1.0259818e-01
   9.9999926e-01
   3.8256577e-07
   1.5900356e-06
   2.0015356e-02
   6.3263756e-07
   8.6530778e-07
   2.9766043e-02
   2.7690894e-07
   9.0631498e-07
   5.7268891e-07
   1.3194224e-02
   2.2023181e-07
   5.0038880e-07
   5.5550617e-07
   9.9999926e-01
   1.5873154e-06
   6.4152143e-07
   3.9069790e-07
   4.3229798e-07
   4.7277756e-07
   7.2454324e-07
   4.3521943e-07
   4.6464550e-07
   3.2703861e-06
   1.8232533e-06
   3.3155524e-07
   4.6673432e-07
   3.9671988e-07
   5.2151489e-07
   1.3413975e-06
   1.1462408e-06
   6.8656468e-07
   1.8909751e-07
   4.4034391e-07
   3.2007677e-06
