   3.0000000e+00
   1.4000000e+01
   1.5000000e+01
   1.8000000e+01
   2.4000000e+01
   2.8000000e+01
   4.0000000e+01
   4.2000000e+01
   4.3000000e+01
   6.8000000e+01
   6.9000000e+01
   7.2000000e+01
   7.3000000e+01
   9.5000000e+01
   9.6000000e+01
   1.2400000e+02
   1.3300000e+02
   1.3500000e+02
   1.4300000e+02
   1.6400000e+02
   1.6700000e+02
   1.6900000e+02
   1.8300000e+02
   2.0800000e+02
   2.1900000e+02
   2.2000000e+02
   2.2500000e+02
   2.3000000e+02
   2.3100000e+02
   2.3200000e+02
   2.3300000e+02
   2.3500000e+02
   2.4400000e+02
   2.4600000e+02
   2.4700000e+02
   2.4800000e+02
   2.5400000e+02
   2.7600000e+02
   2.7700000e+02
   2.8200000e+02
   2.8300000e+02
   2.9000000e+02
   2.9100000e+02
   3.0600000e+02
   3.0800000e+02
   3.0900000e+02
   3.1000000e+02
   3.1200000e+02
   3.1300000e+02
   3.2000000e+02
   3.2800000e+02
   3.3100000e+02
   3.3400000e+02
   3.3800000e+02
   3.6700000e+02
   3.7100000e+02
   3.7900000e+02
   3.8100000e+02
   3.8200000e+02
   3.8300000e+02
   3.8500000e+02
   3.8800000e+02
   3.9100000e+02
   3.9500000e+02
   3.9600000e+02
   4.0000000e+02
   4.0100000e+02
   4.0400000e+02
   4.0700000e+02
   4.1500000e+02
   4.1600000e+02
   4.1800000e+02
   4.2100000e+02
   4.2700000e+02
   4.3200000e+02
   4.3700000e+02
   4.3800000e+02
   4.4300000e+02
   4.5500000e+02
   4.6500000e+02
   4.7200000e+02
   4.9600000e+02
   5.0600000e+02
   5.0800000e+02
   5.1300000e+02
   5.2700000e+02
   5.5300000e+02
   5.5700000e+02
   5.6100000e+02
   5.9500000e+02
   6.0400000e+02
   6.1800000e+02
   6.2400000e+02
   6.4300000e+02
   6.5900000e+02
   6.7200000e+02
   6.7300000e+02
   6.9800000e+02
   7.0000000e+02
   7.0300000e+02
   7.1100000e+02
   7.3400000e+02
   7.3900000e+02
   7.4600000e+02
   7.4700000e+02
   7.5200000e+02
   7.6400000e+02
   7.6700000e+02
   7.6800000e+02
   7.7900000e+02
   7.8000000e+02
   8.1300000e+02
   8.1600000e+02
   8.3000000e+02
   8.3300000e+02
   8.4300000e+02
   8.4400000e+02
   8.5000000e+02
   8.5200000e+02
   8.5600000e+02
   8.5900000e+02
   8.6200000e+02
   8.9300000e+02
   9.0200000e+02
   9.1900000e+02
   9.2600000e+02
   9.2700000e+02
   9.3500000e+02
   9.3800000e+02
   9.5300000e+02
   9.5500000e+02
   9.6300000e+02
   9.6800000e+02
   1.0100000e+03
   1.0120000e+03
   1.0300000e+03
   1.0430000e+03
   1.0490000e+03
   1.0550000e+03
   1.0730000e+03
   1.0830000e+03
   1.0920000e+03
   1.0950000e+03
   1.1010000e+03
   1.1090000e+03
   1.1150000e+03
   1.1180000e+03
   1.1240000e+03
   1.1260000e+03
   1.1270000e+03
   1.1350000e+03
   1.1520000e+03
   1.1620000e+03
   1.1720000e+03
   1.1930000e+03
   1.2010000e+03
   1.2120000e+03
   1.2300000e+03
   1.2380000e+03
   1.2540000e+03
   1.2550000e+03
   1.2840000e+03
   1.2960000e+03
   1.2990000e+03
   1.3040000e+03
   1.3070000e+03
   1.3100000e+03
   1.3140000e+03
   1.3250000e+03
   1.3320000e+03
   1.3480000e+03
   1.3680000e+03
   1.3690000e+03
   1.3730000e+03
   1.3750000e+03
   1.3780000e+03
   1.3830000e+03
   1.3950000e+03
   1.4420000e+03
   1.4430000e+03
   1.4640000e+03
   1.4790000e+03
   1.4840000e+03
   1.4910000e+03
   1.4920000e+03
   1.5020000e+03
   1.5060000e+03
   1.5140000e+03
   1.5150000e+03
   1.5170000e+03
   1.5190000e+03
   1.5280000e+03
   1.5670000e+03
   1.5750000e+03
   1.5830000e+03
   1.5950000e+03
   1.5960000e+03
   1.6010000e+03
   1.6030000e+03
   1.6070000e+03
   1.6090000e+03
   1.6150000e+03
   1.6170000e+03
   1.6220000e+03
   1.6330000e+03
   1.6410000e+03
   1.6480000e+03
   1.6700000e+03
   1.6980000e+03
   1.7050000e+03
   1.7110000e+03
   1.7160000e+03
   1.7430000e+03
   1.7460000e+03
   1.7670000e+03
   1.7700000e+03
   1.7710000e+03
   1.7790000e+03
   1.7930000e+03
   1.7950000e+03
   1.7960000e+03
   1.8040000e+03
   1.8110000e+03
   1.8160000e+03
   1.8180000e+03
   1.8340000e+03
   1.8620000e+03
   1.8940000e+03
   1.8970000e+03
   1.9030000e+03
   1.9070000e+03
   1.9110000e+03
   1.9310000e+03
   1.9340000e+03
   1.9390000e+03
   1.9510000e+03
   1.9520000e+03
   1.9580000e+03
   1.9590000e+03
   1.9620000e+03
   1.9630000e+03
   1.9730000e+03
   1.9750000e+03
   1.9780000e+03
   1.9950000e+03
   1.9960000e+03
   1.9980000e+03
   2.0040000e+03
   2.0050000e+03
   2.0060000e+03
   2.0090000e+03
   2.0140000e+03
   2.0230000e+03
   2.0240000e+03
   2.0310000e+03
   2.0400000e+03
   2.0430000e+03
   2.0490000e+03
   2.0550000e+03
   2.0580000e+03
   2.0660000e+03
   2.0800000e+03
   2.0870000e+03
   2.0980000e+03
   2.1020000e+03
   2.1090000e+03
   2.1260000e+03
   2.1360000e+03
   2.1480000e+03
   2.1490000e+03
   2.1630000e+03
   2.2030000e+03
   2.2140000e+03
   2.2230000e+03
   2.2380000e+03
   2.2400000e+03
   2.2410000e+03
   2.2680000e+03
   2.2830000e+03
   2.2940000e+03
   2.3070000e+03
   2.3140000e+03
   2.3190000e+03
   2.3360000e+03
   2.3390000e+03
   2.3450000e+03
   2.3460000e+03
   2.3600000e+03
   2.3700000e+03
   2.3710000e+03
   2.4170000e+03
   2.4340000e+03
   2.4390000e+03
   2.4490000e+03
   2.4580000e+03
   2.4620000e+03
   2.4650000e+03
   2.4690000e+03
   2.4720000e+03
   2.4760000e+03
