  -5.0637750e-03
   4.3430655e-03
  -5.3141522e-02
  -9.6038154e-02
  -7.6419877e-06
  -5.2742621e-02
  -9.5230117e-02
  -5.2967085e-06
  -1.7128455e-02
   6.0672838e-01
  -5.8885422e-06
   4.6612330e-02
  -3.4395704e-06
   0.0000000e+00
   4.6612330e-02
  -1.7128455e-02
  -9.0196984e-02
  -8.3785534e-06
  -7.6789566e-02
  -1.0730153e-05
   1.7037988e-06
   1.6000245e-02
  -5.1994426e-06
  -2.4410671e-06
  -2.9938276e-06
  -3.6463368e-06
   2.5967346e-06
  -9.8134491e-06
  -8.0002440e-02
  -2.9325450e-02
  -1.6277395e-04
  -5.9887663e-01
  -9.0202683e-02
  -1.5293687e-05
  -3.9921755e-02
  -4.8022592e-02
   2.9694346e-06
  -9.1631527e-06
   0.0000000e+00
  -4.2845630e-06
  -5.0411256e-02
  -1.6618291e-02
  -1.4039183e-05
   0.0000000e+00
  -3.0316482e-06
  -1.5645447e-06
  -3.0316482e-06
  -9.2697738e-05
  -2.2652619e-06
   3.5724616e-02
  -9.8753336e-06
   0.0000000e+00
  -8.6228798e-06
  -7.6412760e-06
  -1.0979281e-01
  -2.1491509e-02
  -4.3718963e-05
  -2.2283664e-02
   1.2214245e-06
   1.8274537e-06
   7.5720852e-02
  -1.4266453e-05
  -7.6412760e-06
  -3.0654338e-06
  -4.5538100e-01
   1.5998751e-02
  -9.4235109e-06
  -6.2667653e-02
  -7.6412760e-06
   4.6612330e-02
   3.7832551e-02
  -9.1863972e-06
  -5.0411256e-02
   1.3537052e-01
  -6.2666493e-02
  -2.5450695e-01
  -3.0033152e-06
  -1.5645447e-06
  -1.5293687e-05
  -7.4411955e-03
  -9.8753336e-06
  -4.6722492e-06
  -1.5645447e-06
  -6.1022791e-06
  -8.6565737e-05
  -3.6741653e-06
   1.5998532e-02
  -3.0316482e-06
  -8.6509430e-06
  -1.8828840e-02
  -1.0708859e-01
   1.7865098e-01
   0.0000000e+00
  -5.8994914e-06
   1.3254020e-01
   6.2075163e-01
   1.6866551e-06
  -5.8994914e-06
  -1.1846471e-02
  -9.8134491e-06
  -1.5226720e-01
  -2.7224170e-06
   1.5999971e-02
  -1.4483160e-01
   6.8128559e-01
  -4.3718963e-05
  -5.7352622e-01
  -9.1863972e-06
  -4.7512087e-06
  -1.5690455e-06
   2.0110010e-01
   0.0000000e+00
  -5.3065962e-06
   2.5835490e-01
  -2.7224170e-06
  -1.5645447e-06
  -9.1210570e-07
  -9.8134491e-06
  -1.9713312e-05
  -9.1863972e-06
   2.5436884e-01
  -7.6412760e-06
  -1.8828840e-02
  -2.5271222e-06
  -1.7128455e-02
  -2.9323396e-02
  -2.6353330e-06
   7.5720852e-02
  -9.7993119e-03
  -7.4411955e-03
  -8.4980866e-02
  -2.2283664e-02
  -7.7652116e-06
  -3.9921755e-02
   1.6000245e-02
  -4.8022592e-02
  -2.1256131e-01
   7.5720852e-02
  -9.7987185e-03
   6.1592756e-02
  -5.0788681e-07
  -4.9198832e-06
  -2.6353330e-06
  -1.8828840e-02
  -2.4410671e-06
  -4.8528822e-01
   0.0000000e+00
  -2.0260877e-02
  -2.4356155e-06
  -2.0855402e-01
  -3.6463368e-06
  -5.3065962e-06
  -5.2458893e-06
   1.3537052e-01
  -9.4235109e-06
   5.8489419e-02
  -1.4457303e-01
  -5.3088352e-02
   3.7832551e-02
  -2.4857271e-06
  -2.2652619e-06
  -7.6412760e-06
  -1.4266453e-05
   1.6866551e-06
  -2.9323396e-02
   2.8997509e-01
  -3.7173499e-02
   7.5899170e-01
   1.3254020e-01
  -1.6614943e-02
  -8.2054365e-06
  -5.0414466e-02
  -1.6371318e-05
  -1.2353196e-01
  -5.8676534e-06
   2.0943372e-01
  -4.7787039e-06
  -1.5226711e-01
  -8.6228798e-06
  -1.5645447e-06
   5.1154564e-01
   1.5840790e-06
  -3.0316482e-06
   3.3958649e-01
  -1.5293687e-05
   1.5505986e-06
   5.8470553e-02
   1.7204694e-01
  -3.1076882e-06
   5.8489419e-02
   5.4189481e-06
  -2.0254031e-01
   2.3780054e-01
   1.3366166e-06
   0.0000000e+00
  -2.5929826e-05
  -1.0708859e-01
  -4.7787039e-06
  -5.0788681e-07
  -1.0979806e-01
  -7.6789566e-02
  -4.8719100e-02
  -2.0552678e-01
  -3.6921695e-06
  -5.3752807e-06
  -3.0083825e-06
   0.0000000e+00
  -1.5640192e-02
  -6.2022851e-02
  -5.2458893e-06
  -9.8134491e-06
  -1.4483160e-01
  -3.1344249e-04
  -8.1097678e-06
  -1.0730153e-05
  -2.8505705e-06
  -2.2283664e-02
  -5.9315649e-06
  -5.3065962e-06
  -2.9323396e-02
  -5.3082767e-02
  -4.1290154e-02
  -2.4356155e-06
  -9.1631527e-06
   1.5998681e-02
  -2.2283664e-02
  -5.3606184e-02
  -3.7173499e-02
  -2.2007539e-04
  -7.7652116e-06
  -5.9315649e-06
  -5.6261451e-01
   7.5720852e-02
  -5.3065962e-06
  -3.9921755e-02
   1.1548930e-01
  -7.6789566e-02
  -3.1731275e-02
  -7.7652116e-06
  -3.7971448e-06
  -2.0254031e-01
  -1.1597082e-02
  -4.5291936e-05
  -1.0000026e+00
  -5.2742621e-02
   1.5528227e-01
   5.1036586e-01
  -5.0414466e-02
   1.5840790e-06
  -4.4698563e-05
  -9.9189735e-06
   1.7865124e-01
  -2.3565987e-02
  -1.3385828e-01
  -1.6614943e-02
  -9.1210570e-07
  -2.0260877e-02
  -5.3752807e-06
  -1.1846471e-02
  -2.6030069e-05
  -4.7787039e-06
   0.0000000e+00
  -2.8303024e-02
  -9.7409540e-06
  -4.5535601e-01
  -2.0486896e-01
   1.5505986e-06
   5.8489419e-02
   5.8489419e-02
   6.2075163e-01
   1.5998751e-02
  -2.8505705e-06
  -2.8056393e-06
  -1.3386309e-01
   2.3780054e-01
  -1.4039183e-05
  -2.9820884e-05
   0.0000000e+00
   7.5878596e-01
  -1.4266453e-05
  -7.6412760e-06
  -1.0545683e-05
  -1.9713312e-05
   0.0000000e+00
   1.7865209e-01
  -5.1109391e-02
  -6.0177149e-06
   3.7832551e-02
  -3.7173499e-02
   0.0000000e+00
   7.3730148e-07
  -4.8495151e-06
  -1.1470064e-05
   1.8274537e-06
  -2.5555891e-06
   1.5528373e-01
   1.3254020e-01
   6.0223120e-02
   1.5410582e-01
  -5.3065962e-06
  -3.0567172e-06
  -6.9689864e-03
  -2.0855441e-01
  -5.3065962e-06
   4.6612330e-02
  -1.5575490e-06
  -4.7787039e-06
   3.3958649e-01
  -1.5645447e-06
  -3.1076882e-06
   3.5726754e-02
  -5.0411256e-02
   1.5998681e-02
   0.0000000e+00
  -1.5293687e-05
  -2.1874383e-06
  -2.2652619e-06
   8.4397793e-01
  -7.7852752e-02
  -4.3718963e-05
  -5.0788681e-07
   1.4145210e-06
  -8.1097678e-06
  -8.1097678e-06
  -7.6339982e-02
  -4.1290154e-02
  -1.6618291e-02
   0.0000000e+00
  -5.0788681e-07
   3.7832551e-02
   4.6614017e-02
  -9.5230117e-02
  -9.1631527e-06
  -9.1631527e-06
  -2.8303024e-02
   0.0000000e+00
  -1.6371318e-05
  -6.4249677e-06
  -2.5929826e-05
  -1.6618291e-02
  -5.9546524e-02
   1.5998751e-02
  -9.0196984e-02
  -1.0732879e-01
  -2.5086338e-06
  -4.5291936e-05
   2.5927635e-01
  -1.1597082e-02
  -9.1143482e-06
  -4.7512087e-06
   3.5726754e-02
   1.2596677e+00
  -5.2967085e-06
  -1.5645447e-06
  -2.0145982e-01
   2.9694346e-06
  -3.4906547e-01
   9.8830535e-01
  -1.1470064e-05
  -1.6371318e-05
  -1.2643237e-06
  -4.3718963e-05
  -1.7648400e-04
  -5.5899934e-06
  -5.2967085e-06
   4.7949442e-02
  -2.0486647e-01
   3.5724616e-02
  -6.8512224e-07
   8.7675590e-02
   6.6387415e-01
  -4.3718963e-05
   3.3958649e-01
   0.0000000e+00
  -2.1001539e-06
  -1.3386572e-01
  -9.8134491e-06
  -1.2088896e+00
  -1.7444864e-01
   8.3584487e-01
  -6.8978314e-03
   1.7849118e-01
  -4.6722492e-06
  -1.6618291e-02
   1.5528227e-01
  -8.6509430e-06
   2.5835635e-01
  -3.8314176e-01
   2.6559417e-08
   1.5999971e-02
  -1.5293687e-05
   6.3950879e-01
  -6.3312673e-06
  -4.2400136e-06
  -1.3386309e-01
  -6.8252121e-06
  -4.8495151e-06
  -4.8303841e-06
   3.8974338e-01
  -3.1919283e-06
  -2.9938276e-06
   7.5720852e-02
  -8.6565737e-05
  -8.4981245e-02
  -3.0539859e-01
   9.0783387e-02
  -1.9441051e-05
  -1.4457274e-01
  -9.7409540e-06
  -4.8022592e-02
   7.5720852e-02
  -2.5929826e-05
  -5.0788681e-07
  -7.6412760e-06
  -1.5640192e-02
  -2.0268929e-02
  -1.7128455e-02
   5.5139787e-01
   7.5705388e-01
  -1.6618291e-02
   1.2281391e-01
  -7.6412760e-06
  -6.8252121e-06
  -1.7616858e-01
   0.0000000e+00
  -1.2643237e-06
   2.0943372e-01
   5.8489419e-02
  -1.7415996e-01
  -3.5470090e-04
   5.8489419e-02
  -2.0145982e-01
   5.8489419e-02
  -2.2567168e-07
  -4.3718963e-05
   7.6094766e-02
   7.5720852e-02
  -4.7787039e-06
  -4.6722492e-06
  -2.7224170e-06
   5.8489419e-02
  -1.3387800e-01
  -1.8828840e-02
  -6.7253532e-06
  -6.8252121e-06
  -1.6258452e-04
  -9.4235109e-06
  -7.6412760e-06
  -1.5690455e-06
  -1.5226711e-01
   6.4375170e-01
   1.5410582e-01
  -2.1491785e-02
  -2.1001539e-06
  -9.1210570e-07
  -4.5538100e-01
  -6.2900206e-02
   1.4157667e-02
  -1.8828840e-02
  -2.2104915e-01
  -4.5291936e-05
   0.0000000e+00
  -1.8987817e-06
  -1.8830994e-02
  -1.5589726e-02
   1.0037238e-07
  -1.5293687e-05
  -1.5293687e-05
  -1.7128455e-02
  -1.4775628e-05
   3.5726596e-02
  -2.4410671e-06
   1.5591223e-06
  -9.0751695e-07
  -2.9326443e-02
  -1.0732916e-01
  -1.5605091e-02
   6.1873137e-06
   7.9611479e-01
  -2.0254031e-01
  -9.4235109e-06
  -4.3774939e-06
   2.9694346e-06
  -7.1703192e-06
  -4.4719714e-06
  -5.5804358e-06
  -5.2742621e-02
  -4.6722492e-06
  -2.4857271e-06
  -3.3212332e-02
  -1.0732916e-01
   7.5720852e-02
  -4.4719714e-06
  -9.7409540e-06
   0.0000000e+00
  -7.2444702e-02
   9.0735881e-03
  -9.1143482e-06
  -7.6412760e-06
  -6.8379377e-01
  -2.0262804e-02
  -9.7409540e-06
  -4.8303841e-06
   0.0000000e+00
  -7.6412760e-06
  -1.5589726e-02
   4.4826574e-01
  -1.5589726e-02
   7.5004203e-01
  -2.6643798e-06
   7.5720852e-02
   5.1366456e-01
  -2.7224170e-06
  -9.8753336e-06
  -8.1097678e-06
  -7.6412760e-06
  -1.0732916e-01
  -8.6228798e-06
   1.5591223e-06
  -6.8252121e-06
   3.6930028e-01
  -4.3718963e-05
  -3.1076882e-06
  -2.9772433e-02
  -1.7128455e-02
   3.8129957e-01
  -3.7971448e-06
   0.0000000e+00
   5.8489419e-02
   1.8740887e-02
  -4.3718963e-05
   0.0000000e+00
  -4.5805371e-05
   1.5591223e-06
   9.0735881e-03
   9.0735881e-03
  -4.8303841e-06
   1.3254020e-01
  -2.5929826e-05
  -7.4411955e-03
  -1.6371318e-05
  -2.3565987e-02
   5.8487439e-02
  -1.5640192e-02
  -1.5690455e-06
   6.2538775e-01
  -1.4483160e-01
   7.5720852e-02
   2.9196382e-02
  -2.9672263e-07
  -2.5929826e-05
  -1.7035217e-01
   0.0000000e+00
   1.3537052e-01
   1.0357080e-03
  -5.1994426e-06
  -1.6371318e-05
  -2.4857271e-06
  -2.6489327e-06
  -8.1097678e-06
  -2.6643798e-06
  -4.8303841e-06
  -2.9672263e-07
  -1.1463043e-02
  -4.3849442e-06
   0.0000000e+00
  -1.2229033e-06
   0.0000000e+00
  -7.6412760e-06
   0.0000000e+00
   3.3209265e-01
  -9.8753336e-06
   1.8274537e-06
  -5.1936368e-01
  -4.5805371e-05
  -2.0800674e-06
   6.1873137e-06
   0.0000000e+00
  -1.5293687e-05
  -1.4039183e-05
  -1.4412750e-01
  -1.4775628e-05
  -1.5783340e-01
  -3.3212332e-02
  -4.7454841e-06
  -1.5226711e-01
   6.1873137e-06
  -7.2444702e-02
  -9.1143482e-06
  -1.0979806e-01
  -4.6722492e-06
  -1.4039183e-05
  -8.6228798e-06
  -3.0316482e-06
  -1.8830994e-02
  -5.2742621e-02
   0.0000000e+00
  -9.4235109e-06
  -4.4719714e-06
  -9.1143482e-06
  -7.7652116e-06
  -1.3547199e-06
   4.8980899e-02
  -9.4235109e-06
   1.3537052e-01
  -2.2652619e-06
  -1.5640192e-02
  -1.8830994e-02
  -1.9267383e-06
  -5.0195180e-02
  -2.0800674e-06
  -2.9772433e-02
  -1.1463043e-02
  -3.1076882e-06
   9.0735881e-03
  -2.2652619e-06
  -5.5804358e-06
  -2.0262804e-02
  -9.5230117e-02
  -5.9315649e-06
  -2.1001539e-06
  -1.0979281e-01
   5.7874748e-06
  -1.6618291e-02
   4.8337817e-02
   3.0382074e-06
   2.5882689e-01
   1.1284214e-05
  -4.2607560e-06
  -4.6722492e-06
  -4.3718963e-05
  -7.6412760e-06
  -9.1210570e-07
  -1.8830994e-02
   9.0735881e-03
  -3.3212332e-02
  -5.2898681e-01
  -5.5570023e-06
   3.5730316e-01
  -8.0002440e-02
  -5.0788681e-07
   7.5720852e-02
  -5.8592234e-06
   2.8167689e-06
  -4.8303841e-06
  -2.0270856e-02
   2.0109397e-01
   4.8337817e-02
  -3.9921755e-02
  -1.6036445e-06
  -6.2667653e-02
  -4.3718963e-05
   4.7945191e-02
  -4.5805371e-05
  -5.1994426e-06
  -3.0922599e-02
  -4.5171306e-05
  -2.6489327e-06
   6.3950979e-01
  -2.4857271e-06
   9.0735881e-03
   1.0104368e-05
  -4.1290154e-02
   1.0000022e+00
   2.2413287e-01
  -2.7224170e-06
   1.8274537e-06
  -1.4775628e-05
  -9.4235109e-06
  -2.0800674e-06
  -1.5640025e-02
  -2.7224170e-06
  -5.7326676e-07
  -7.2444702e-02
   0.0000000e+00
  -4.4719714e-06
  -9.2476405e-06
  -2.7224170e-06
  -5.5804358e-06
   4.4826574e-01
  -2.5929826e-05
  -2.6643798e-06
   2.2413287e-01
   1.5591223e-06
  -3.3212332e-02
  -1.9459968e-02
  -2.9672263e-07
  -4.8495151e-06
   6.1873137e-06
  -2.0552678e-01
  -7.6789566e-02
  -2.1084264e-01
  -1.4775628e-05
  -1.5226711e-01
   2.3314032e-02
  -5.2967085e-06
  -1.2229033e-06
  -4.7454841e-06
  -6.8252121e-06
  -8.1097678e-06
  -3.9921755e-02
  -5.3606898e-02
  -1.5589726e-02
   5.8489419e-02
   1.5840790e-06
  -3.2915973e-06
  -9.5230117e-02
  -1.4483160e-01
  -3.0316482e-06
   5.8487439e-02
   7.5720852e-02
   5.8487439e-02
  -1.5690455e-06
  -9.1143482e-06
   0.0000000e+00
  -2.5929826e-05
   2.0110010e-01
   1.8740887e-02
  -9.1210570e-07
  -2.0254031e-01
   6.1873137e-06
  -1.9459395e-02
  -1.8830994e-02
   5.1366456e-01
  -4.8022592e-02
  -3.9921755e-02
  -4.1290154e-02
  -8.0002440e-02
  -4.3774939e-06
   1.5591223e-06
   9.0735881e-03
   7.5720852e-02
  -4.5805371e-05
  -7.6412760e-06
   2.4726955e-06
  -4.5805371e-05
   2.2413287e-01
  -1.4775628e-05
   7.1008869e-06
  -4.5805371e-05
  -4.8495151e-06
  -1.5605091e-02
  -3.3212332e-02
  -7.2444702e-02
   5.4094647e-06
  -3.6921695e-06
  -3.3212332e-02
  -2.9772588e-02
  -1.5293687e-05
  -1.2229033e-06
   1.3254020e-01
  -1.6618291e-02
  -2.6643798e-06
  -1.1463043e-02
  -1.4775628e-05
  -7.6412760e-06
  -5.2458893e-06
  -1.9459968e-02
  -5.3606898e-02
  -3.9921755e-02
  -9.1631527e-06
  -2.9772433e-02
   6.1873137e-06
  -7.7652116e-06
   4.8337817e-02
   1.9011375e-02
  -6.8379377e-01
  -5.0788681e-07
   7.5720852e-02
  -4.2607560e-06
  -6.9180868e-06
   1.5528227e-01
   6.1873137e-06
   1.8274537e-06
   1.8274537e-06
  -3.1076882e-06
  -9.0751695e-07
  -2.7292855e-06
  -9.1631527e-06
  -6.8252121e-06
  -2.6489327e-06
  -7.4411955e-03
  -1.5640192e-02
   1.8274537e-06
  -1.5293687e-05
  -1.8987817e-06
  -1.5690455e-06
  -2.7224170e-06
  -1.5603977e-05
  -2.5929826e-05
  -4.8495151e-06
  -5.2458893e-06
  -1.5640192e-02
  -1.8412012e-01
   0.0000000e+00
  -5.5804358e-06
  -3.1076882e-06
   1.5528227e-01
  -4.6988563e-06
  -2.7224170e-06
   6.9127534e-04
  -1.0875309e-01
  -2.2652619e-06
  -1.0875288e-01
  -1.5690455e-06
   0.0000000e+00
   2.2413287e-01
   9.2091098e-02
  -7.7652116e-06
  -1.6184739e-01
  -1.6036445e-06
  -4.8495151e-06
   5.8489419e-02
   6.1873137e-06
  -1.5640192e-02
  -2.2872935e-06
  -1.8830994e-02
  -5.0788681e-07
   4.4826574e-01
   1.0000025e+00
  -2.2652619e-06
   9.0735881e-03
   3.3209265e-01
  -1.9267383e-06
  -2.1001539e-06
   1.5840790e-06
  -4.2607560e-06
  -9.1631527e-06
   1.5410582e-01
  -7.2444702e-02
  -5.0414466e-02
   1.2540203e-05
  -1.8830994e-02
  -7.7652116e-06
   6.0583378e-02
  -9.7409540e-06
  -3.7173499e-02
  -4.8022592e-02
  -9.0751695e-07
  -2.8508239e-06
   6.1873137e-06
   6.0583378e-02
  -1.5589726e-02
  -5.1994426e-06
  -2.2652619e-06
  -4.3774939e-06
   2.2413287e-01
  -2.3309843e-02
   4.6609804e-02
   7.9611479e-01
  -8.1097678e-06
  -5.3606898e-02
  -2.9772588e-02
  -4.4719714e-06
  -2.9772588e-02
  -3.1076882e-06
  -7.6789566e-02
  -1.9267383e-06
  -5.0414466e-02
  -3.7173499e-02
   1.5708432e+00
   2.2413287e-01
  -1.8987817e-06
   5.8489419e-02
   0.0000000e+00
   2.0110010e-01
   6.0583378e-02
  -1.6036445e-06
  -1.6036445e-06
  -5.2751404e-02
   1.5591223e-06
  -1.9267383e-06
  -6.0177149e-06
   2.9694346e-06
  -1.0353238e-01
  -4.5805371e-05
  -1.6036445e-06
   7.5720852e-02
  -2.2283664e-02
  -2.2283664e-02
   4.8337817e-02
   2.0232982e-01
  -2.6643798e-06
  -2.2104915e-01
  -1.7035465e-01
  -8.1097678e-06
  -2.4857271e-06
  -1.6036445e-06
  -1.8339971e-06
  -2.6643798e-06
   3.5726754e-02
  -2.4410671e-06
  -3.1139432e-01
   0.0000000e+00
   7.5720852e-02
   1.5410582e-01
  -9.7409540e-06
  -5.3092727e-02
   1.2540203e-05
  -1.5589726e-02
  -9.4235109e-06
   0.0000000e+00
  -8.1097678e-06
   7.5721088e-02
  -1.8987817e-06
  -3.2915973e-06
  -5.2898681e-01
  -2.2283664e-02
   1.8740887e-02
  -4.8303841e-06
   9.0735881e-03
  -3.7173499e-02
  -2.8508239e-06
  -5.9315649e-06
  -1.6371318e-05
   1.9011375e-02
  -3.9921755e-02
   2.9196382e-02
   0.0000000e+00
  -3.9921755e-02
  -4.7454841e-06
  -2.5929826e-05
  -1.5640192e-02
   1.7865209e-01
  -1.6036445e-06
   2.8896169e-01
  -1.9267383e-06
   5.8489419e-02
   9.0717471e-03
  -1.9267383e-06
   6.1873137e-06
  -2.2652619e-06
  -6.2666493e-02
   0.0000000e+00
  -4.8022592e-02
  -2.9672263e-07
  -5.0788681e-07
  -5.1994426e-06
   4.8980899e-02
   2.5882689e-01
  -1.5640192e-02
  -4.8303841e-06
   5.4094647e-06
   2.9694346e-06
   5.4094647e-06
  -7.1870970e-06
  -5.2458893e-06
  -1.1996645e-02
   4.6310472e-01
  -1.2229033e-06
  -3.9352145e-01
   3.3239677e-06
  -5.2967085e-06
   4.7945191e-02
  -3.4907577e-01
   1.5591223e-06
  -9.7987185e-03
  -7.9806023e-06
  -1.5569048e-01
  -9.5230117e-02
   5.1715725e-06
  -5.2967085e-06
  -1.3478077e-01
   5.9344670e-06
  -2.9206371e-06
  -5.0932530e-06
   0.0000000e+00
   5.1715725e-06
   6.0156718e-01
   1.7649454e-06
  -9.0194502e-02
  -7.6341874e-02
   5.3604726e-06
   1.5996491e-02
  -4.4679490e-06
  -1.9528881e-06
   1.8274537e-06
  -4.3718963e-05
  -2.8303024e-02
  -9.0199726e-02
  -8.4462957e-07
  -3.2105719e-02
  -1.9191946e-01
   9.0190982e-01
  -4.8022592e-02
  -1.5569009e-01
   2.9694346e-06
   8.7707991e-02
   0.0000000e+00
  -3.1614516e-06
   4.6612663e-02
  -5.2729477e-06
  -6.9065177e-02
   1.8222923e-06
  -5.3752807e-06
  -1.0698459e-05
  -1.8825789e-02
  -7.4902790e-02
   4.3863107e-01
  -3.0316482e-06
  -3.0348858e-02
  -2.2652619e-06
   3.5724616e-02
  -8.4911472e-06
  -7.6412760e-06
  -1.0979281e-01
  -4.2392080e-05
   1.9532576e-06
   2.5898409e-06
  -2.4028757e-01
   2.8147770e-06
   2.6762662e-01
  -1.1673665e-05
  -5.3596724e-02
  -4.4436224e-04
  -1.7072842e-01
   1.3366166e-06
   1.8274537e-06
  -4.1535889e-01
  -6.2661957e-02
  -7.6412760e-06
  -6.8379654e-01
   3.1053372e-01
   1.1945892e-04
   1.3077647e-01
  -6.3104874e-06
  -1.7072842e-01
  -4.7395896e-06
  -2.4932167e-01
  -2.2319558e-01
  -2.2319558e-01
  -6.2661248e-02
  -2.1147115e-06
  -1.5645447e-06
  -8.4462957e-07
   1.5690849e-01
  -8.4911472e-06
  -4.6722492e-06
  -5.0932530e-06
  -3.0342726e-02
   5.4189481e-06
   1.5996491e-02
   1.8274537e-06
  -1.7073050e-01
  -3.0316482e-06
   2.1711005e-06
   2.7270117e-01
  -1.0674297e-01
   2.6318743e-06
   3.2557307e-06
   1.6118434e-01
  -8.0146356e-06
   6.8056459e-06
   6.2300611e-02
   8.7708949e-02
   1.3366166e-06
  -1.1847894e-02
   1.5999902e-02
   1.6857021e-01
  -5.2969841e-02
   3.3863895e-01
   1.5505986e-06
  -4.3718963e-05
  -1.8095559e-01
  -4.7512087e-06
   2.6318743e-06
  -1.5690455e-06
  -1.8359209e-01
   0.0000000e+00
  -1.5645447e-06
  -9.1210570e-07
  -6.9750501e-06
  -1.5569009e-01
   3.5726754e-02
   1.7094370e-01
   6.9434445e-04
  -7.6412760e-06
  -2.6172220e-04
   2.6762662e-01
  -1.6258452e-04
  -8.9176471e-02
   5.7659568e-01
  -3.2105719e-02
  -8.4980866e-02
   1.5996695e-02
  -4.8022592e-02
   2.3396575e-01
  -1.0896239e+00
   4.0777137e-07
  -1.0674941e-01
   1.0537989e-06
  -2.2319619e-01
   1.8274537e-06
  -1.9528881e-06
  -2.2014084e-06
   0.0000000e+00
   1.6945172e-01
   1.7649454e-06
  -5.2458893e-06
  -2.4932167e-01
   3.5726754e-02
  -1.4457326e-01
   8.7711432e-02
  -1.9726587e-06
  -1.5690455e-06
  -2.2652619e-06
  -7.6412760e-06
  -1.1673665e-05
  -1.0674361e-01
  -1.5118218e-01
   3.5726754e-02
  -2.0808235e-06
   3.7832460e-02
  -3.7173009e-02
  -3.9353369e-01
   3.4809877e-07
   2.5835321e-01
  -1.1484545e-01
  -1.0674361e-01
  -9.7987185e-03
  -7.6412760e-06
  -5.0411100e-02
  -1.1050822e-05
   4.2425864e-02
  -3.2616789e-06
   7.6093219e-02
  -1.5226626e-01
  -1.5645447e-06
   1.3366166e-06
   1.5840790e-06
   3.0523823e-06
   1.7649454e-06
  -4.4578134e-05
  -2.8049203e-06
  -2.7691240e-06
   3.7832460e-02
   1.2523798e-02
  -2.1491509e-02
   0.0000000e+00
  -6.6031150e-02
   1.6856681e-01
   1.4145210e-06
   1.5505986e-06
  -1.0674064e-01
  -1.0979806e-01
  -7.4411955e-03
   5.4189481e-06
  -7.6341874e-02
   7.9447219e-01
   3.7832460e-02
  -1.3478077e-01
  -3.6921695e-06
  -1.8825789e-02
  -1.0674130e-01
  -1.0674312e-01
  -5.2458893e-06
  -6.9750501e-06
   1.8274537e-06
  -3.1536309e-04
  -8.1097678e-06
  -2.1824097e-04
  -2.8505705e-06
  -1.6258452e-04
  -5.9315649e-06
   5.8488075e-02
   1.6856681e-01
   1.2116929e-01
   1.3111650e+00
  -7.6701864e-06
   1.5998681e-02
  -1.6258452e-04
  -3.7173009e-02
  -2.3161785e-04
  -6.3856503e-06
   2.9694346e-06
  -5.9315649e-06
  -2.2319619e-01
   1.5840790e-06
   3.7832460e-02
  -9.1037459e-01
   6.5738801e-01
  -7.3540741e-06
  -3.2105161e-02
  -7.6341874e-02
  -4.3718963e-05
   1.8274537e-06
  -6.3856503e-06
  -9.7987185e-03
   5.1715725e-06
  -2.2605426e-05
   3.7832460e-02
  -1.9638739e-01
  -9.1697635e-06
  -4.1045291e-05
   2.4533809e-01
  -1.7072565e-01
  -7.9806023e-06
   1.5528393e-01
  -1.0674312e-01
  -5.0411100e-02
   1.5840790e-06
   6.9434445e-04
  -4.1045291e-05
   4.6612094e-02
   1.7649454e-06
   3.3551979e-03
  -2.3561473e-02
  -1.0674993e-01
   6.8480402e-06
  -8.0146356e-06
   0.0000000e+00
   4.7971672e-06
  -3.9353369e-01
   3.7831472e-02
  -2.8303024e-02
  -9.7409540e-06
  -4.2533965e-06
  -8.4980866e-02
  -1.0674312e-01
   5.9344670e-06
   1.8274537e-06
   8.7100016e-02
   1.5505986e-06
   3.7829646e-02
   1.7925215e-01
  -7.4411955e-03
  -6.2164134e-06
   5.8489419e-02
   1.3846899e-01
   8.5863571e-01
   8.7705950e-02
  -5.9252008e-06
   8.7708949e-02
  -1.4710236e-01
   1.8274537e-06
   1.7649454e-06
   2.5971756e-06
  -9.6516831e-01
  -2.8505705e-06
  -8.5443126e-02
   6.5606566e-02
  -1.0698459e-05
   0.0000000e+00
   4.7374179e-01
  -1.1165318e-05
  -2.7691240e-06
   0.0000000e+00
   6.0263345e-01
  -5.2967085e-06
   1.5505986e-06
   2.7878697e-01
  -3.7173009e-02
  -2.1492512e-02
  -1.7054710e-01
   6.4128010e-06
  -4.8495151e-06
  -2.9206371e-06
   1.8274537e-06
   4.0777137e-07
  -1.5690455e-06
   5.8488075e-02
  -1.1484545e-01
   1.5410582e-01
  -1.1539692e-01
  -1.7025788e-01
   1.2118327e-01
   1.8274537e-06
  -1.0329189e-01
  -1.5645447e-06
  -2.8049203e-06
   1.5998681e-02
   6.0196541e-01
  -1.8825789e-02
  -7.5826263e-04
  -8.4462957e-07
  -1.4457274e-01
   2.7270219e-01
  -2.2652619e-06
   2.6808420e-01
  -8.1097678e-06
  -8.1097678e-06
  -1.6618291e-02
   0.0000000e+00
   3.7832551e-02
   3.7832460e-02
  -9.5230117e-02
  -3.9353369e-01
  -7.6701864e-06
   5.1715725e-06
  -1.1050822e-05
  -1.1847894e-02
   7.1456526e-01
  -6.6806373e-06
   7.6095347e-02
   7.2948588e-07
  -1.8567168e-05
   1.5998751e-02
  -2.6172220e-04
  -9.0194502e-02
  -8.6398744e-07
  -1.0732881e-01
  -4.1045291e-05
  -2.4028584e-01
  -2.2605426e-05
  -9.1143482e-06
  -4.7512087e-06
   2.9804335e-01
   1.2117065e-01
  -2.2014084e-06
   5.4189481e-06
  -9.7987185e-03
   2.9694346e-06
   3.7832460e-02
  -1.1050822e-05
  -6.8379377e-01
  -4.3501751e-01
  -4.7395896e-06
   3.5726596e-02
   3.3120084e-06
  -4.2392080e-05
  -5.2967085e-06
   1.7649454e-06
   8.7101971e-02
  -4.7395896e-06
   3.5724616e-02
  -2.0808235e-06
   6.6387437e-01
   1.6857021e-01
  -4.9799909e-02
  -2.1001539e-06
   1.5996951e-02
  -6.9750501e-06
   6.3202610e-07
   1.7306225e-06
  -2.1491509e-02
   8.7709660e-02
  -7.9386904e-06
   2.9694346e-06
   2.9523735e-06
   2.9428784e-06
  -4.6722492e-06
   4.3614878e-01
   1.8222923e-06
   1.5528393e-01
   1.5161009e-01
   1.5840790e-06
   6.8480402e-06
   2.6559417e-08
   1.5999902e-02
  -1.0979386e-01
  -1.3342912e-01
   9.8567957e-01
  -9.5476383e-02
   8.3750597e-07
  -8.0146356e-06
   6.9557112e-04
  -6.8252121e-06
   1.8274537e-06
  -5.9922082e-07
   1.6380496e-01
  -4.8495151e-06
   5.8488075e-02
   6.9071375e-01
  -9.5226284e-02
   2.6762662e-01
  -8.6565737e-05
  -4.3718963e-05
  -2.4221851e-01
  -1.2140302e-05
  -9.7409540e-06
  -1.0926315e-05
   2.6762662e-01
  -4.2533965e-06
  -1.0674941e-01
  -6.3104874e-06
  -6.2164134e-06
   2.8896461e-01
  -7.6412760e-06
  -1.5640192e-02
  -1.7127303e-02
   9.9734250e-01
  -1.6618291e-02
  -2.3041872e-01
   1.8274537e-06
  -6.8252121e-06
   5.7934089e-06
  -7.1471615e-02
  -2.9206371e-06
  -6.8379377e-01
  -5.3596724e-02
  -2.6172220e-04
   5.4189481e-06
   3.7831546e-02
   5.8489419e-02
  -6.8917996e-02
   1.8274537e-06
  -2.3097479e-06
   5.1929694e-01
   3.7832460e-02
   1.1865942e+00
   2.5971756e-06
  -6.3104874e-06
   5.6714543e-01
  -1.9191946e-01
   7.6095114e-02
   2.6762662e-01
  -4.6722492e-06
  -3.9353369e-01
   1.9147924e-06
  -6.4655445e-06
   5.8488075e-02
   5.9344670e-06
  -6.8252121e-06
   1.1354604e-01
  -1.5690455e-06
  -3.2402050e-06
   1.5410582e-01
  -2.1493175e-02
  -2.1001539e-06
  -9.1210570e-07
  -5.3752807e-06
  -7.7378905e-05
  -1.0674312e-01
   1.6857021e-01
  -1.0674312e-01
  -3.8100582e-07
  -4.1045291e-05
   4.6612663e-02
   2.9436252e-01
  -5.6701869e-01
  -1.0534581e-01
   7.9356381e-02
  -8.4980559e-02
  -9.7154460e-02
   6.1105683e-01
   1.9225941e-01
  -1.9013487e-07
   4.5515578e-01
   1.6389682e-01
  -7.9834420e-06
  -1.9191216e-01
  -2.2458749e-07
  -4.1895575e-01
  -2.1491509e-02
  -1.9235652e-01
   9.9999999e-01
   2.2835078e-01
  -1.3596177e-05
  -2.1233629e-01
  -2.1414725e-01
  -4.8438069e-01
  -2.7381380e-06
  -4.6503439e-01
  -2.5967654e-06
   1.1775791e-01
   8.0427064e-01
  -9.7987185e-03
  -2.8303024e-02
  -6.9779254e-01
  -6.1795833e-06
  -5.3752807e-06
  -2.5928375e-01
  -1.5961624e-01
  -5.3082951e-02
   1.2389964e-01
   4.4845592e-01
  -2.8303024e-02
  -6.9736598e-03
  -2.2559508e-01
   1.1465728e-01
   3.5433224e-01
  -8.4221221e-06
  -6.3398913e-02
  -2.5836495e-01
   2.8448607e-01
  -1.3524355e-01
   1.4016276e-05
  -2.0954267e-01
  -5.3752807e-06
  -3.5259922e-02
  -4.9404732e-01
  -3.8888203e-01
  -8.5268204e-02
   5.6995309e-01
   3.8469437e-01
   1.8343970e-05
  -9.7987185e-03
  -9.2855982e-02
   1.4617299e-01
  -3.1151103e-01
   1.8171553e-02
  -5.8655028e-06
  -1.0295555e-01
  -7.8403853e-01
   9.0609557e-02
  -2.0291368e-01
  -1.4457326e-01
  -3.2499101e-03
  -3.4933397e-01
  -2.1491509e-02
   1.5055534e-01
   2.6758670e-02
   3.9261759e-01
  -7.1494087e-02
  -1.9236317e-01
  -5.3752807e-06
  -1.9191159e-01
   3.0221593e-01
  -1.5325339e-01
   4.2068702e-02
   5.1839527e-01
  -2.3842331e-06
  -6.4250992e-06
  -3.2484018e-01
   7.0376440e-01
   3.1652062e-01
   2.2322578e-02
  -2.1492343e-02
   2.8674885e-01
  -2.6298783e-01
  -2.8303024e-02
  -1.5598070e-02
  -1.5326930e-01
  -8.6565737e-05
  -9.7987185e-03
  -8.4980866e-02
   2.7096842e-01
   3.8093980e-01
  -1.1927127e-06
  -3.8802228e-02
  -8.8528375e-02
  -4.8716933e-02
   5.0359970e-01
  -1.8561973e-01
  -6.3251596e-02
   1.3016445e-01
   1.5786408e-01
  -2.4024860e-01
  -3.6543673e-06
   4.5334115e-01
  -4.3889537e-06
   2.3288906e-01
  -1.1581115e-01
  -6.4622787e-06
  -4.4867772e-01
  -1.3483555e-01
  -1.1703140e-01
  -1.6901276e-01
  -2.9692180e-02
  -8.0234635e-06
  -7.5683427e-06
   1.5895036e-01
   3.5730370e-01
  -8.1097678e-06
   2.3288933e-01
   2.3290613e-01
   4.4835512e-01
  -2.9686536e-02
